1.425873644341190100e+09,6.800000000000000000e+01,3.700000000000000000e+01
1.425873704451966047e+09,6.800000000000000000e+01,3.700000000000000000e+01
1.425873764295552969e+09,6.800000000000000000e+01,3.700000000000000000e+01
1.425873824766217947e+09,6.800000000000000000e+01,3.700000000000000000e+01
1.425873884402250051e+09,6.800000000000000000e+01,3.700000000000000000e+01
1.425873944261106968e+09,6.800000000000000000e+01,3.700000000000000000e+01
1.425874004305682898e+09,6.800000000000000000e+01,3.700000000000000000e+01
1.425874064133898973e+09,6.800000000000000000e+01,3.700000000000000000e+01
1.425874124965615988e+09,6.800000000000000000e+01,3.700000000000000000e+01
1.425874184911369085e+09,6.800000000000000000e+01,3.700000000000000000e+01
1.425874244447310925e+09,6.800000000000000000e+01,3.700000000000000000e+01
1.425874304133985043e+09,6.800000000000000000e+01,3.700000000000000000e+01
1.425874364992836952e+09,6.800000000000000000e+01,3.700000000000000000e+01
1.425874424646977901e+09,6.800000000000000000e+01,3.700000000000000000e+01
1.425874484103219032e+09,6.800000000000000000e+01,3.700000000000000000e+01
1.425874544599288940e+09,6.800000000000000000e+01,3.700000000000000000e+01
1.425874604665631056e+09,6.800000000000000000e+01,3.700000000000000000e+01
1.425874664776711941e+09,6.800000000000000000e+01,3.700000000000000000e+01
1.425874724340112925e+09,6.800000000000000000e+01,3.700000000000000000e+01
1.425874784531300068e+09,6.800000000000000000e+01,3.700000000000000000e+01
1.425874844133955002e+09,6.800000000000000000e+01,3.700000000000000000e+01
1.425874904385562897e+09,6.800000000000000000e+01,3.700000000000000000e+01
1.425874964094542027e+09,6.800000000000000000e+01,3.700000000000000000e+01
1.425875024840471029e+09,6.800000000000000000e+01,3.700000000000000000e+01
1.425875084639555931e+09,6.800000000000000000e+01,3.700000000000000000e+01
1.425875204594738007e+09,6.600000000000000000e+01,3.700000000000000000e+01
1.425875264281656981e+09,6.600000000000000000e+01,3.700000000000000000e+01
1.425875324922565937e+09,6.600000000000000000e+01,3.700000000000000000e+01
1.425875384075591087e+09,6.600000000000000000e+01,3.700000000000000000e+01
1.425875444267663002e+09,6.600000000000000000e+01,3.700000000000000000e+01
1.425875505003907919e+09,6.600000000000000000e+01,3.700000000000000000e+01
1.425875565728360891e+09,6.600000000000000000e+01,3.700000000000000000e+01
1.425875625408763885e+09,6.600000000000000000e+01,3.700000000000000000e+01
1.425875685733791113e+09,6.600000000000000000e+01,3.700000000000000000e+01
1.425875805175966978e+09,6.600000000000000000e+01,3.700000000000000000e+01
1.425875866025588989e+09,6.600000000000000000e+01,3.700000000000000000e+01
1.425875926920757055e+09,6.600000000000000000e+01,3.700000000000000000e+01
1.425876046099323988e+09,6.600000000000000000e+01,3.700000000000000000e+01
1.425876106055596113e+09,6.600000000000000000e+01,3.700000000000000000e+01
1.425876166045595884e+09,6.600000000000000000e+01,3.700000000000000000e+01
1.425876226937987089e+09,6.600000000000000000e+01,3.700000000000000000e+01
1.425876286059417963e+09,6.600000000000000000e+01,3.700000000000000000e+01
1.425876346692663908e+09,6.600000000000000000e+01,3.700000000000000000e+01
1.425876406808065891e+09,6.600000000000000000e+01,3.700000000000000000e+01
1.425876466958389044e+09,6.600000000000000000e+01,3.700000000000000000e+01
1.425876526547245026e+09,6.600000000000000000e+01,3.700000000000000000e+01
1.425876586752270937e+09,6.600000000000000000e+01,3.700000000000000000e+01
1.425876646927683115e+09,6.600000000000000000e+01,3.700000000000000000e+01
1.425876706185518980e+09,6.600000000000000000e+01,3.700000000000000000e+01
1.425876766535670042e+09,6.600000000000000000e+01,3.700000000000000000e+01
1.425876826876041889e+09,6.600000000000000000e+01,3.700000000000000000e+01
1.425876886743046999e+09,6.600000000000000000e+01,3.700000000000000000e+01
1.425876946589935064e+09,6.600000000000000000e+01,3.700000000000000000e+01
1.425877007025636911e+09,6.600000000000000000e+01,3.700000000000000000e+01
1.425877067944232941e+09,6.600000000000000000e+01,3.700000000000000000e+01
1.425877127387626886e+09,6.600000000000000000e+01,3.700000000000000000e+01
1.425877187300051928e+09,6.600000000000000000e+01,3.700000000000000000e+01
1.425877247249284029e+09,6.600000000000000000e+01,3.700000000000000000e+01
1.425877307152759075e+09,6.600000000000000000e+01,3.700000000000000000e+01
1.425877367120392084e+09,6.600000000000000000e+01,3.700000000000000000e+01
1.425877428025670052e+09,6.600000000000000000e+01,3.700000000000000000e+01
1.425877488977791071e+09,6.600000000000000000e+01,3.700000000000000000e+01
1.425877548707048893e+09,6.400000000000000000e+01,3.800000000000000000e+01
1.425877608133919001e+09,6.600000000000000000e+01,3.700000000000000000e+01
1.425877669025758982e+09,6.400000000000000000e+01,3.800000000000000000e+01
1.425877729892236948e+09,6.400000000000000000e+01,3.800000000000000000e+01
1.425877849934150934e+09,6.400000000000000000e+01,3.800000000000000000e+01
1.425877909843995094e+09,6.400000000000000000e+01,3.800000000000000000e+01
1.425877969704519987e+09,6.400000000000000000e+01,3.800000000000000000e+01
1.425878029702348948e+09,6.400000000000000000e+01,3.800000000000000000e+01
1.425878149755513906e+09,6.400000000000000000e+01,3.800000000000000000e+01
1.425878209845484972e+09,6.400000000000000000e+01,3.800000000000000000e+01
1.425878269867589951e+09,6.400000000000000000e+01,3.800000000000000000e+01
1.425878329896931887e+09,6.400000000000000000e+01,3.800000000000000000e+01
1.425878389494537115e+09,6.400000000000000000e+01,3.800000000000000000e+01
1.425878449520246983e+09,6.400000000000000000e+01,3.800000000000000000e+01
1.425878509561458111e+09,6.400000000000000000e+01,3.800000000000000000e+01
1.425878629305447102e+09,6.400000000000000000e+01,3.800000000000000000e+01
1.425878689365468979e+09,6.400000000000000000e+01,3.800000000000000000e+01
1.425878749444467068e+09,6.400000000000000000e+01,3.800000000000000000e+01
1.425878809583040953e+09,6.400000000000000000e+01,3.800000000000000000e+01
1.425878929959588051e+09,6.400000000000000000e+01,3.800000000000000000e+01
1.425878989116321087e+09,6.400000000000000000e+01,3.800000000000000000e+01
1.425879109507374048e+09,6.400000000000000000e+01,3.800000000000000000e+01
1.425879229857975960e+09,6.400000000000000000e+01,3.800000000000000000e+01
1.425879289066768885e+09,6.400000000000000000e+01,3.800000000000000000e+01
1.425879409420123100e+09,6.400000000000000000e+01,3.800000000000000000e+01
1.425879469795531034e+09,6.400000000000000000e+01,3.800000000000000000e+01
1.425879529094789028e+09,3.500000000000000000e+01,3.800000000000000000e+01
1.425879589517746925e+09,6.400000000000000000e+01,3.800000000000000000e+01
1.425879709117078066e+09,6.400000000000000000e+01,3.800000000000000000e+01
1.425879769332844973e+09,6.400000000000000000e+01,3.800000000000000000e+01
1.425879829075074911e+09,6.400000000000000000e+01,3.800000000000000000e+01
1.425879889295530081e+09,3.500000000000000000e+01,3.800000000000000000e+01
1.425879949517699957e+09,6.400000000000000000e+01,3.800000000000000000e+01
1.425880009731959105e+09,6.400000000000000000e+01,3.800000000000000000e+01
1.425880129133913040e+09,6.400000000000000000e+01,3.800000000000000000e+01
1.425880189314095020e+09,6.400000000000000000e+01,3.800000000000000000e+01
1.425880249525875092e+09,6.400000000000000000e+01,3.800000000000000000e+01
1.425880369339946985e+09,6.400000000000000000e+01,3.800000000000000000e+01
1.425880429569480896e+09,6.400000000000000000e+01,3.800000000000000000e+01
1.425880489384819031e+09,6.400000000000000000e+01,3.800000000000000000e+01
1.425880609795536041e+09,6.400000000000000000e+01,3.800000000000000000e+01
1.425880669671360016e+09,6.400000000000000000e+01,3.800000000000000000e+01
1.425880730018881083e+09,6.400000000000000000e+01,3.800000000000000000e+01
1.425880790989506960e+09,6.400000000000000000e+01,3.800000000000000000e+01
1.425880850376368999e+09,6.400000000000000000e+01,3.800000000000000000e+01
1.425880970872425079e+09,6.400000000000000000e+01,3.800000000000000000e+01
1.425881030233448982e+09,6.400000000000000000e+01,3.800000000000000000e+01
1.425881150133912086e+09,6.400000000000000000e+01,3.800000000000000000e+01
1.425881210530812025e+09,6.400000000000000000e+01,3.800000000000000000e+01
1.425881330470479965e+09,6.400000000000000000e+01,3.800000000000000000e+01
1.425881450988151073e+09,6.400000000000000000e+01,3.800000000000000000e+01
1.425881510231698990e+09,6.400000000000000000e+01,3.800000000000000000e+01
1.425881571036210060e+09,6.400000000000000000e+01,3.800000000000000000e+01
1.425881631284230947e+09,6.400000000000000000e+01,3.800000000000000000e+01
1.425881691496416092e+09,6.400000000000000000e+01,3.800000000000000000e+01
1.425881751725539923e+09,6.400000000000000000e+01,3.800000000000000000e+01
1.425881871554344893e+09,6.400000000000000000e+01,3.800000000000000000e+01
1.425881931831736088e+09,6.400000000000000000e+01,3.800000000000000000e+01
1.425882051651999950e+09,6.400000000000000000e+01,3.800000000000000000e+01
1.425882111842417955e+09,6.400000000000000000e+01,3.800000000000000000e+01
1.425882231683799982e+09,6.400000000000000000e+01,3.800000000000000000e+01
1.425882291993851900e+09,6.400000000000000000e+01,3.800000000000000000e+01
1.425882411467353106e+09,6.400000000000000000e+01,3.800000000000000000e+01
1.425882531453294039e+09,6.200000000000000000e+01,3.800000000000000000e+01
1.425882651453912973e+09,6.200000000000000000e+01,3.800000000000000000e+01
1.425882711879096985e+09,6.200000000000000000e+01,3.800000000000000000e+01
1.425882831444550037e+09,6.200000000000000000e+01,3.800000000000000000e+01
1.425882951551301956e+09,6.200000000000000000e+01,3.800000000000000000e+01
1.425883071654077053e+09,6.200000000000000000e+01,3.800000000000000000e+01
1.425883131606936932e+09,6.200000000000000000e+01,3.800000000000000000e+01
1.425883191611788034e+09,6.200000000000000000e+01,3.800000000000000000e+01
1.425883311206850052e+09,6.200000000000000000e+01,3.800000000000000000e+01
1.425883371183799028e+09,6.200000000000000000e+01,3.800000000000000000e+01
1.425883431133924961e+09,6.200000000000000000e+01,3.800000000000000000e+01
1.425883491173619032e+09,6.200000000000000000e+01,3.800000000000000000e+01
1.425883551198548079e+09,6.200000000000000000e+01,3.800000000000000000e+01
1.425883611207222939e+09,6.200000000000000000e+01,3.800000000000000000e+01
1.425883671237868071e+09,6.200000000000000000e+01,3.800000000000000000e+01
1.425883791807493925e+09,6.200000000000000000e+01,3.800000000000000000e+01
1.425883911427439928e+09,6.200000000000000000e+01,3.800000000000000000e+01
1.425883971466048956e+09,6.200000000000000000e+01,3.800000000000000000e+01
1.425884091179764986e+09,6.200000000000000000e+01,3.800000000000000000e+01
1.425884151270976067e+09,6.200000000000000000e+01,3.800000000000000000e+01
1.425884211351716042e+09,6.200000000000000000e+01,3.800000000000000000e+01
1.425884271397553921e+09,6.200000000000000000e+01,3.800000000000000000e+01
1.425884392034403086e+09,6.200000000000000000e+01,3.800000000000000000e+01
1.425884452141840935e+09,6.200000000000000000e+01,3.800000000000000000e+01
1.425884512230962038e+09,6.200000000000000000e+01,3.800000000000000000e+01
1.425884572246819019e+09,6.200000000000000000e+01,3.800000000000000000e+01
1.425884632331243038e+09,6.200000000000000000e+01,3.800000000000000000e+01
1.425884752559319973e+09,6.200000000000000000e+01,3.800000000000000000e+01
1.425884872295598984e+09,6.200000000000000000e+01,3.800000000000000000e+01
1.425884992942451954e+09,6.200000000000000000e+01,3.800000000000000000e+01
1.425885112101999044e+09,6.200000000000000000e+01,3.800000000000000000e+01
1.425885172223898888e+09,6.200000000000000000e+01,3.800000000000000000e+01
1.425885232300745010e+09,6.200000000000000000e+01,3.800000000000000000e+01
1.425885352512494087e+09,6.200000000000000000e+01,3.800000000000000000e+01
1.425885412703958035e+09,6.200000000000000000e+01,3.800000000000000000e+01
1.425885532663839102e+09,6.200000000000000000e+01,3.800000000000000000e+01
1.425885592823688030e+09,6.200000000000000000e+01,3.800000000000000000e+01
1.425885712613951921e+09,6.200000000000000000e+01,3.800000000000000000e+01
1.425885772819791079e+09,6.200000000000000000e+01,3.800000000000000000e+01
1.425885892133910894e+09,6.200000000000000000e+01,3.800000000000000000e+01
1.425885952399342060e+09,6.200000000000000000e+01,3.800000000000000000e+01
1.425886012670701027e+09,6.200000000000000000e+01,3.800000000000000000e+01
1.425886072979615927e+09,6.200000000000000000e+01,3.800000000000000000e+01
1.425886192252662897e+09,6.200000000000000000e+01,3.800000000000000000e+01
1.425886252541766882e+09,6.200000000000000000e+01,3.800000000000000000e+01
1.425886312825352907e+09,6.200000000000000000e+01,3.800000000000000000e+01
1.425886432701634884e+09,6.200000000000000000e+01,3.800000000000000000e+01
1.425886552121067047e+09,6.200000000000000000e+01,3.800000000000000000e+01
1.425886612396758080e+09,6.200000000000000000e+01,3.800000000000000000e+01
1.425886732224931002e+09,6.200000000000000000e+01,3.800000000000000000e+01
1.425886852592442989e+09,6.200000000000000000e+01,3.800000000000000000e+01
1.425886912877180099e+09,6.200000000000000000e+01,3.800000000000000000e+01
1.425887032751518965e+09,6.200000000000000000e+01,3.800000000000000000e+01
1.425887092978027105e+09,6.200000000000000000e+01,3.800000000000000000e+01
1.425887212298698902e+09,6.200000000000000000e+01,3.800000000000000000e+01
1.425887272722016096e+09,6.200000000000000000e+01,3.800000000000000000e+01
1.425887392686351061e+09,6.200000000000000000e+01,3.800000000000000000e+01
1.425887512124403000e+09,6.200000000000000000e+01,3.800000000000000000e+01
1.425887572520987034e+09,6.200000000000000000e+01,3.800000000000000000e+01
1.425887632950491905e+09,6.200000000000000000e+01,3.800000000000000000e+01
1.425887752362349033e+09,6.200000000000000000e+01,3.800000000000000000e+01
1.425887812795541048e+09,6.200000000000000000e+01,3.800000000000000000e+01
1.425887932795623064e+09,6.200000000000000000e+01,3.800000000000000000e+01
1.425888052263611078e+09,6.200000000000000000e+01,3.800000000000000000e+01
1.425888112716128111e+09,6.200000000000000000e+01,3.800000000000000000e+01
1.425888232168276072e+09,6.200000000000000000e+01,3.800000000000000000e+01
1.425888352248577118e+09,6.200000000000000000e+01,3.800000000000000000e+01
1.425888412651318073e+09,6.200000000000000000e+01,3.800000000000000000e+01
1.425888532133915901e+09,6.200000000000000000e+01,3.800000000000000000e+01
1.425888592536006927e+09,6.200000000000000000e+01,3.800000000000000000e+01
1.425888652966310978e+09,6.200000000000000000e+01,3.800000000000000000e+01
1.425888772970679998e+09,6.200000000000000000e+01,3.800000000000000000e+01
1.425888892388890982e+09,6.200000000000000000e+01,3.800000000000000000e+01
1.425888952811816931e+09,3.300000000000000000e+01,3.800000000000000000e+01
1.425889072131236076e+09,6.200000000000000000e+01,3.800000000000000000e+01
1.425889132377152920e+09,6.200000000000000000e+01,3.800000000000000000e+01
1.425889192637203932e+09,6.200000000000000000e+01,3.800000000000000000e+01
1.425889252618832111e+09,6.200000000000000000e+01,3.800000000000000000e+01
1.425889372676753044e+09,6.200000000000000000e+01,3.800000000000000000e+01
1.425889492228485107e+09,6.200000000000000000e+01,3.800000000000000000e+01
1.425889612310679913e+09,6.200000000000000000e+01,3.800000000000000000e+01
1.425889732434361935e+09,6.200000000000000000e+01,3.800000000000000000e+01
1.425889792419675112e+09,6.200000000000000000e+01,3.800000000000000000e+01
1.425889852410506010e+09,6.200000000000000000e+01,3.800000000000000000e+01
1.425889972944727898e+09,6.200000000000000000e+01,3.800000000000000000e+01
1.425890093058517933e+09,6.200000000000000000e+01,3.800000000000000000e+01
1.425890213177696943e+09,6.200000000000000000e+01,3.800000000000000000e+01
1.425890333706083059e+09,6.200000000000000000e+01,3.800000000000000000e+01
1.425890453687803030e+09,6.200000000000000000e+01,3.800000000000000000e+01
1.425890573275561094e+09,6.200000000000000000e+01,3.800000000000000000e+01
1.425890693866099119e+09,6.200000000000000000e+01,3.800000000000000000e+01
1.425890813906023979e+09,6.200000000000000000e+01,3.800000000000000000e+01
1.425890933610172033e+09,6.200000000000000000e+01,3.800000000000000000e+01
1.425891053807462931e+09,6.400000000000000000e+01,3.800000000000000000e+01
1.425891173496143103e+09,6.400000000000000000e+01,3.800000000000000000e+01
1.425891293143596888e+09,6.400000000000000000e+01,3.800000000000000000e+01
1.425891413341362953e+09,6.400000000000000000e+01,3.800000000000000000e+01
1.425891533484260082e+09,6.400000000000000000e+01,3.800000000000000000e+01
1.425891653224703074e+09,6.400000000000000000e+01,3.800000000000000000e+01
1.425891774052848101e+09,6.400000000000000000e+01,3.800000000000000000e+01
1.425891894867990017e+09,6.400000000000000000e+01,3.800000000000000000e+01
1.425892014584973097e+09,6.400000000000000000e+01,3.800000000000000000e+01
1.425892134360696077e+09,6.400000000000000000e+01,3.800000000000000000e+01
1.425892255060374022e+09,6.400000000000000000e+01,3.800000000000000000e+01
1.425892375797287941e+09,6.400000000000000000e+01,3.800000000000000000e+01
1.425892495097810030e+09,6.400000000000000000e+01,3.800000000000000000e+01
1.425892615845580101e+09,6.400000000000000000e+01,3.800000000000000000e+01
1.425892735760426998e+09,6.400000000000000000e+01,3.800000000000000000e+01
1.425892856003216982e+09,6.400000000000000000e+01,3.800000000000000000e+01
1.425892976754060984e+09,6.400000000000000000e+01,3.800000000000000000e+01
1.425893096505537987e+09,6.400000000000000000e+01,3.800000000000000000e+01
1.425893216278311968e+09,6.400000000000000000e+01,3.800000000000000000e+01
1.425893337067291975e+09,6.400000000000000000e+01,3.800000000000000000e+01
1.425893457876028061e+09,6.400000000000000000e+01,3.800000000000000000e+01
1.425893577598809004e+09,6.400000000000000000e+01,3.800000000000000000e+01
1.425893697404812098e+09,6.400000000000000000e+01,3.800000000000000000e+01
1.425893817176310062e+09,6.400000000000000000e+01,3.800000000000000000e+01
1.425893937966655970e+09,6.400000000000000000e+01,3.800000000000000000e+01
1.425894057247370005e+09,6.400000000000000000e+01,3.800000000000000000e+01
1.425894177061638117e+09,6.400000000000000000e+01,3.800000000000000000e+01
1.425894297859307051e+09,6.400000000000000000e+01,3.800000000000000000e+01
1.425894417586770058e+09,6.400000000000000000e+01,3.800000000000000000e+01
1.425894537328502893e+09,6.400000000000000000e+01,3.800000000000000000e+01
1.425894657083820105e+09,6.400000000000000000e+01,3.800000000000000000e+01
1.425894777380589008e+09,6.400000000000000000e+01,3.800000000000000000e+01
1.425894897133904934e+09,6.400000000000000000e+01,3.800000000000000000e+01
1.425895017907591105e+09,6.400000000000000000e+01,3.800000000000000000e+01
1.425895137662672043e+09,6.400000000000000000e+01,3.800000000000000000e+01
1.425895257981585979e+09,6.400000000000000000e+01,3.800000000000000000e+01
1.425895377359538078e+09,6.400000000000000000e+01,3.800000000000000000e+01
1.425895497247168064e+09,6.400000000000000000e+01,3.800000000000000000e+01
1.425895617100143909e+09,6.400000000000000000e+01,3.800000000000000000e+01
1.425895737965702057e+09,6.400000000000000000e+01,3.800000000000000000e+01
1.425895857843991041e+09,6.400000000000000000e+01,3.800000000000000000e+01
1.425895977708918095e+09,6.400000000000000000e+01,3.800000000000000000e+01
1.425896097572968960e+09,6.400000000000000000e+01,3.800000000000000000e+01
1.425896217467477083e+09,6.400000000000000000e+01,3.800000000000000000e+01
1.425896337458055019e+09,6.400000000000000000e+01,3.800000000000000000e+01
1.425896457397181988e+09,6.400000000000000000e+01,3.800000000000000000e+01
1.425896577264919043e+09,6.400000000000000000e+01,3.800000000000000000e+01
1.425896697148549080e+09,6.400000000000000000e+01,3.800000000000000000e+01
1.425896818015779018e+09,6.400000000000000000e+01,3.800000000000000000e+01
1.425896939026706934e+09,6.400000000000000000e+01,3.800000000000000000e+01
1.425897059937213898e+09,6.400000000000000000e+01,3.800000000000000000e+01
1.425897179858937025e+09,6.400000000000000000e+01,3.800000000000000000e+01
1.425897299711678982e+09,6.400000000000000000e+01,3.800000000000000000e+01
1.425897419136328936e+09,6.400000000000000000e+01,3.800000000000000000e+01
1.425897539997639894e+09,6.400000000000000000e+01,3.800000000000000000e+01
1.425897659410559893e+09,6.400000000000000000e+01,3.800000000000000000e+01
1.425897779899641037e+09,6.400000000000000000e+01,3.800000000000000000e+01
1.425897899759211063e+09,6.400000000000000000e+01,3.800000000000000000e+01
1.425898019623356104e+09,6.400000000000000000e+01,3.800000000000000000e+01
1.425898139501108885e+09,6.400000000000000000e+01,3.800000000000000000e+01
1.425898259340876102e+09,6.400000000000000000e+01,3.800000000000000000e+01
1.425898379250499964e+09,6.400000000000000000e+01,3.800000000000000000e+01
1.425898499133898020e+09,6.400000000000000000e+01,3.800000000000000000e+01
1.425898620002748966e+09,6.400000000000000000e+01,3.800000000000000000e+01
1.425898680848932028e+09,6.400000000000000000e+01,3.800000000000000000e+01
1.425898740737456083e+09,6.400000000000000000e+01,3.800000000000000000e+01
1.425898800565527916e+09,6.400000000000000000e+01,3.800000000000000000e+01
1.425898860465512991e+09,6.400000000000000000e+01,3.800000000000000000e+01
1.425898920388636112e+09,6.400000000000000000e+01,3.800000000000000000e+01
1.425898980308770895e+09,6.400000000000000000e+01,3.800000000000000000e+01
1.425899040739351034e+09,6.400000000000000000e+01,3.800000000000000000e+01
1.425899100753905058e+09,6.400000000000000000e+01,3.800000000000000000e+01
1.425899160688097000e+09,6.400000000000000000e+01,3.800000000000000000e+01
1.425899220147566080e+09,6.400000000000000000e+01,3.800000000000000000e+01
1.425899280639791965e+09,6.400000000000000000e+01,3.800000000000000000e+01
1.425899340572148085e+09,6.400000000000000000e+01,3.800000000000000000e+01
1.425899400488460064e+09,6.600000000000000000e+01,3.700000000000000000e+01
1.425899460418729067e+09,6.600000000000000000e+01,3.700000000000000000e+01
1.425899520439668894e+09,6.400000000000000000e+01,3.800000000000000000e+01
1.425899580510467052e+09,3.500000000000000000e+01,3.800000000000000000e+01
1.425899641005660057e+09,6.400000000000000000e+01,3.800000000000000000e+01
1.425899701566134930e+09,6.400000000000000000e+01,3.800000000000000000e+01
1.425899761545557022e+09,6.400000000000000000e+01,3.800000000000000000e+01
1.425899821064522982e+09,6.400000000000000000e+01,3.800000000000000000e+01
1.425899881640362978e+09,6.400000000000000000e+01,3.800000000000000000e+01
1.425899941170277119e+09,6.400000000000000000e+01,3.800000000000000000e+01
1.425900001149264097e+09,6.400000000000000000e+01,3.800000000000000000e+01
1.425900061098529100e+09,6.400000000000000000e+01,3.800000000000000000e+01
1.425900121133924007e+09,6.400000000000000000e+01,3.800000000000000000e+01
1.425900181138442993e+09,6.400000000000000000e+01,3.800000000000000000e+01
1.425900241159207106e+09,6.400000000000000000e+01,3.800000000000000000e+01
1.425900301134010077e+09,6.400000000000000000e+01,3.800000000000000000e+01
1.425900361084023952e+09,6.400000000000000000e+01,3.800000000000000000e+01
1.425900421586592913e+09,6.400000000000000000e+01,3.800000000000000000e+01
1.425900481088721991e+09,6.400000000000000000e+01,3.800000000000000000e+01
1.425900541428107023e+09,6.400000000000000000e+01,3.800000000000000000e+01
1.425900601371285915e+09,6.400000000000000000e+01,3.800000000000000000e+01
1.425900661223939896e+09,6.400000000000000000e+01,3.800000000000000000e+01
1.425900721582309961e+09,6.400000000000000000e+01,3.800000000000000000e+01
1.425900781982712030e+09,6.400000000000000000e+01,3.800000000000000000e+01
1.425900841301970005e+09,6.400000000000000000e+01,3.800000000000000000e+01
1.425900901145622015e+09,6.400000000000000000e+01,3.800000000000000000e+01
1.425900961590812922e+09,6.400000000000000000e+01,3.800000000000000000e+01
1.425901022002619028e+09,6.400000000000000000e+01,3.800000000000000000e+01
1.425901082312625885e+09,6.400000000000000000e+01,3.800000000000000000e+01
1.425901142163657904e+09,6.400000000000000000e+01,3.800000000000000000e+01
1.425901202076395035e+09,6.400000000000000000e+01,3.800000000000000000e+01
1.425901262979208946e+09,6.400000000000000000e+01,3.800000000000000000e+01
1.425901322867408991e+09,6.400000000000000000e+01,3.800000000000000000e+01
1.425901382771981001e+09,6.400000000000000000e+01,3.800000000000000000e+01
1.425901442641486883e+09,6.400000000000000000e+01,3.800000000000000000e+01
1.425901502584455967e+09,6.400000000000000000e+01,3.800000000000000000e+01
1.425901562475780964e+09,6.400000000000000000e+01,3.800000000000000000e+01
1.425901622353856087e+09,6.400000000000000000e+01,3.800000000000000000e+01
1.425901682285662889e+09,6.400000000000000000e+01,3.800000000000000000e+01
1.425901742177731991e+09,6.400000000000000000e+01,3.800000000000000000e+01
1.425901802610569954e+09,6.400000000000000000e+01,3.800000000000000000e+01
1.425901862051161051e+09,6.400000000000000000e+01,3.800000000000000000e+01
1.425901922444706917e+09,6.400000000000000000e+01,3.800000000000000000e+01
1.425901982330672026e+09,6.400000000000000000e+01,3.800000000000000000e+01
1.425902042231723070e+09,6.600000000000000000e+01,3.700000000000000000e+01
1.425902102207021952e+09,6.600000000000000000e+01,3.700000000000000000e+01
1.425902162091320038e+09,6.600000000000000000e+01,3.700000000000000000e+01
1.425902222505543947e+09,6.600000000000000000e+01,3.700000000000000000e+01
1.425902282404108047e+09,6.600000000000000000e+01,3.700000000000000000e+01
1.425902342371999979e+09,6.600000000000000000e+01,3.700000000000000000e+01
1.425902402221729994e+09,6.600000000000000000e+01,3.700000000000000000e+01
1.425902462186214924e+09,6.600000000000000000e+01,3.700000000000000000e+01
1.425902522674161911e+09,6.600000000000000000e+01,3.700000000000000000e+01
1.425902582170883894e+09,6.600000000000000000e+01,3.700000000000000000e+01
1.425902642206111908e+09,6.600000000000000000e+01,3.700000000000000000e+01
1.425902702259095907e+09,6.600000000000000000e+01,3.700000000000000000e+01
1.425902762245667934e+09,6.600000000000000000e+01,3.700000000000000000e+01
1.425902822245711088e+09,6.600000000000000000e+01,3.700000000000000000e+01
1.425902882245704889e+09,6.600000000000000000e+01,3.700000000000000000e+01
1.425902942245655060e+09,6.600000000000000000e+01,3.700000000000000000e+01
1.425903002245712042e+09,6.600000000000000000e+01,3.700000000000000000e+01
1.425903062309940100e+09,6.600000000000000000e+01,3.700000000000000000e+01
1.425903122279135942e+09,6.600000000000000000e+01,3.700000000000000000e+01
1.425903182321716070e+09,6.600000000000000000e+01,3.700000000000000000e+01
1.425903242329915047e+09,6.600000000000000000e+01,3.700000000000000000e+01
1.425903302336407900e+09,6.600000000000000000e+01,3.700000000000000000e+01
1.425903362401156902e+09,6.600000000000000000e+01,3.700000000000000000e+01
1.425903422372793913e+09,6.600000000000000000e+01,3.700000000000000000e+01
1.425903482388175964e+09,6.600000000000000000e+01,3.700000000000000000e+01
1.425903542377862930e+09,6.600000000000000000e+01,3.700000000000000000e+01
1.425903602372138977e+09,6.600000000000000000e+01,3.700000000000000000e+01
1.425903662359222889e+09,6.600000000000000000e+01,3.700000000000000000e+01
1.425903722371144056e+09,6.600000000000000000e+01,3.700000000000000000e+01
1.425903782435075998e+09,6.600000000000000000e+01,3.700000000000000000e+01
1.425903842494821072e+09,6.600000000000000000e+01,3.700000000000000000e+01
1.425903902506232977e+09,6.600000000000000000e+01,3.700000000000000000e+01
1.425903962515675068e+09,6.600000000000000000e+01,3.700000000000000000e+01
1.425904022484469891e+09,6.600000000000000000e+01,3.700000000000000000e+01
1.425904082561939001e+09,6.600000000000000000e+01,3.700000000000000000e+01
1.425904142556164980e+09,6.600000000000000000e+01,3.700000000000000000e+01
1.425904202500436068e+09,6.600000000000000000e+01,3.700000000000000000e+01
1.425904262487446070e+09,6.600000000000000000e+01,3.700000000000000000e+01
1.425904323016134024e+09,6.600000000000000000e+01,3.700000000000000000e+01
1.425904383985430002e+09,6.600000000000000000e+01,3.700000000000000000e+01
1.425904443967375994e+09,6.600000000000000000e+01,3.700000000000000000e+01
1.425904503955503941e+09,6.600000000000000000e+01,3.700000000000000000e+01
1.425904563936566114e+09,6.600000000000000000e+01,3.700000000000000000e+01
1.425904623918375015e+09,6.600000000000000000e+01,3.700000000000000000e+01
1.425904683909014940e+09,6.600000000000000000e+01,3.700000000000000000e+01
1.425904743896080017e+09,6.600000000000000000e+01,3.700000000000000000e+01
1.425904803975548029e+09,6.600000000000000000e+01,3.700000000000000000e+01
1.425904863460629940e+09,6.600000000000000000e+01,3.700000000000000000e+01
1.425904923949934006e+09,6.600000000000000000e+01,3.700000000000000000e+01
1.425904983946589947e+09,6.600000000000000000e+01,3.700000000000000000e+01
1.425905043930809975e+09,6.600000000000000000e+01,3.700000000000000000e+01
1.425905103444447041e+09,6.600000000000000000e+01,3.700000000000000000e+01
1.425905163507646084e+09,6.600000000000000000e+01,3.700000000000000000e+01
1.425905223513403893e+09,6.600000000000000000e+01,3.700000000000000000e+01
1.425905284045546055e+09,6.600000000000000000e+01,3.700000000000000000e+01
1.425905344046096087e+09,6.600000000000000000e+01,3.700000000000000000e+01
1.425905404045618057e+09,6.600000000000000000e+01,3.700000000000000000e+01
1.425905464545639992e+09,6.600000000000000000e+01,3.700000000000000000e+01
1.425905524588176012e+09,6.600000000000000000e+01,3.700000000000000000e+01
1.425905584584305048e+09,6.600000000000000000e+01,3.700000000000000000e+01
1.425905644625725031e+09,6.600000000000000000e+01,3.700000000000000000e+01
1.425905704633868933e+09,6.600000000000000000e+01,3.700000000000000000e+01
1.425905764683265924e+09,6.600000000000000000e+01,3.700000000000000000e+01
1.425905824681591034e+09,6.600000000000000000e+01,3.700000000000000000e+01
1.425905884169332027e+09,6.600000000000000000e+01,3.700000000000000000e+01
1.425905944265420914e+09,6.600000000000000000e+01,3.700000000000000000e+01
1.425906004795573950e+09,6.600000000000000000e+01,3.700000000000000000e+01
1.425906064442080021e+09,6.600000000000000000e+01,3.700000000000000000e+01
1.425906124545531988e+09,6.600000000000000000e+01,3.700000000000000000e+01
1.425906184634670973e+09,6.600000000000000000e+01,3.700000000000000000e+01
1.425906244213603020e+09,6.600000000000000000e+01,3.700000000000000000e+01
1.425906304307143927e+09,6.600000000000000000e+01,3.700000000000000000e+01
1.425906364952145100e+09,6.600000000000000000e+01,3.700000000000000000e+01
1.425906424578151941e+09,6.600000000000000000e+01,3.700000000000000000e+01
1.425906484675546885e+09,6.600000000000000000e+01,3.700000000000000000e+01
1.425906544759573936e+09,6.600000000000000000e+01,3.700000000000000000e+01
1.425906604347495079e+09,6.600000000000000000e+01,3.700000000000000000e+01
1.425906664949038982e+09,6.600000000000000000e+01,3.700000000000000000e+01
1.425906724075200081e+09,6.600000000000000000e+01,3.700000000000000000e+01
1.425906784675554991e+09,6.600000000000000000e+01,3.700000000000000000e+01
1.425906844839643955e+09,6.600000000000000000e+01,3.700000000000000000e+01
1.425906904446537971e+09,6.600000000000000000e+01,3.700000000000000000e+01
1.425906964080635071e+09,6.600000000000000000e+01,3.700000000000000000e+01
1.425907024188420057e+09,6.600000000000000000e+01,3.700000000000000000e+01
1.425907084255898952e+09,6.600000000000000000e+01,3.700000000000000000e+01
1.425907144905599117e+09,6.600000000000000000e+01,3.700000000000000000e+01
1.425907204060694933e+09,6.600000000000000000e+01,3.700000000000000000e+01
1.425907264152231932e+09,6.600000000000000000e+01,3.700000000000000000e+01
1.425907324766371965e+09,6.600000000000000000e+01,3.700000000000000000e+01
1.425907384392288923e+09,6.600000000000000000e+01,3.700000000000000000e+01
1.425907444471905947e+09,6.600000000000000000e+01,3.700000000000000000e+01
1.425907504564630985e+09,6.600000000000000000e+01,3.700000000000000000e+01
1.425907564655318975e+09,6.600000000000000000e+01,3.700000000000000000e+01
1.425907624773216963e+09,6.600000000000000000e+01,3.700000000000000000e+01
1.425907684879285097e+09,6.600000000000000000e+01,3.700000000000000000e+01
1.425907744937302113e+09,6.600000000000000000e+01,3.700000000000000000e+01
1.425907805016212940e+09,6.600000000000000000e+01,3.700000000000000000e+01
1.425907865176065922e+09,6.600000000000000000e+01,3.700000000000000000e+01
1.425907925328758955e+09,6.600000000000000000e+01,3.700000000000000000e+01
1.425907985481676102e+09,6.600000000000000000e+01,3.700000000000000000e+01
1.425908045087374926e+09,6.600000000000000000e+01,3.700000000000000000e+01
1.425908105197273970e+09,6.600000000000000000e+01,3.700000000000000000e+01
1.425908165250241041e+09,6.600000000000000000e+01,3.700000000000000000e+01
1.425908225427393913e+09,6.600000000000000000e+01,3.700000000000000000e+01
1.425908285086697102e+09,6.600000000000000000e+01,3.700000000000000000e+01
1.425908345234755039e+09,6.600000000000000000e+01,3.700000000000000000e+01
1.425908405362565994e+09,6.600000000000000000e+01,3.700000000000000000e+01
1.425908465549467087e+09,6.600000000000000000e+01,3.700000000000000000e+01
1.425908525694250107e+09,6.600000000000000000e+01,3.700000000000000000e+01
1.425908585868892908e+09,6.600000000000000000e+01,3.700000000000000000e+01
1.425908645524024963e+09,6.600000000000000000e+01,3.700000000000000000e+01
1.425908705690799952e+09,6.600000000000000000e+01,3.700000000000000000e+01
1.425908765861428976e+09,6.600000000000000000e+01,3.700000000000000000e+01
1.425908826023248911e+09,6.600000000000000000e+01,3.700000000000000000e+01
1.425908886223193884e+09,6.600000000000000000e+01,3.700000000000000000e+01
1.425908946900868893e+09,6.600000000000000000e+01,3.700000000000000000e+01
1.425909006076510906e+09,6.600000000000000000e+01,3.700000000000000000e+01
1.425909066214551926e+09,6.600000000000000000e+01,3.700000000000000000e+01
1.425909126359247923e+09,6.600000000000000000e+01,3.700000000000000000e+01
1.425909187029360056e+09,6.600000000000000000e+01,3.700000000000000000e+01
1.425909247209147930e+09,6.600000000000000000e+01,3.700000000000000000e+01
1.425909307859658957e+09,6.600000000000000000e+01,3.700000000000000000e+01
1.425909367561863899e+09,6.600000000000000000e+01,3.700000000000000000e+01
1.425909427760760069e+09,6.600000000000000000e+01,3.700000000000000000e+01
1.425909487906213999e+09,6.600000000000000000e+01,3.700000000000000000e+01
1.425909547045593023e+09,6.600000000000000000e+01,3.700000000000000000e+01
1.425909607205487967e+09,6.600000000000000000e+01,3.700000000000000000e+01
1.425909667451042891e+09,6.600000000000000000e+01,3.700000000000000000e+01
1.425909727707180977e+09,6.600000000000000000e+01,3.700000000000000000e+01
1.425909787989109039e+09,6.600000000000000000e+01,3.700000000000000000e+01
1.425909847238833904e+09,6.600000000000000000e+01,3.700000000000000000e+01
1.425909907545618057e+09,6.600000000000000000e+01,3.700000000000000000e+01
1.425909967811728001e+09,6.600000000000000000e+01,3.700000000000000000e+01
1.425910027070152998e+09,6.600000000000000000e+01,3.700000000000000000e+01
1.425910087326899052e+09,6.600000000000000000e+01,3.700000000000000000e+01
1.425910147577261925e+09,6.600000000000000000e+01,3.700000000000000000e+01
1.425910207805891037e+09,6.600000000000000000e+01,3.700000000000000000e+01
1.425910267133972883e+09,6.600000000000000000e+01,3.700000000000000000e+01
1.425910327416027069e+09,6.600000000000000000e+01,3.700000000000000000e+01
1.425910387695915937e+09,6.600000000000000000e+01,3.700000000000000000e+01
1.425910447948776007e+09,6.600000000000000000e+01,3.700000000000000000e+01
1.425910507241982937e+09,6.600000000000000000e+01,3.700000000000000000e+01
1.425910567069740057e+09,6.600000000000000000e+01,3.700000000000000000e+01
1.425910627363337040e+09,6.600000000000000000e+01,3.700000000000000000e+01
1.425910687133912086e+09,6.600000000000000000e+01,3.700000000000000000e+01
1.425910747413623095e+09,6.600000000000000000e+01,3.700000000000000000e+01
1.425910807637398958e+09,6.600000000000000000e+01,3.700000000000000000e+01
1.425910867434571981e+09,6.600000000000000000e+01,3.700000000000000000e+01
1.425910927695708990e+09,6.600000000000000000e+01,3.700000000000000000e+01
1.425910987977758884e+09,6.600000000000000000e+01,3.700000000000000000e+01
1.425911047235426903e+09,6.600000000000000000e+01,3.700000000000000000e+01
1.425911107538013935e+09,6.600000000000000000e+01,3.700000000000000000e+01
1.425911167839102983e+09,6.600000000000000000e+01,3.700000000000000000e+01
1.425911227105520010e+09,6.600000000000000000e+01,3.700000000000000000e+01
1.425911287407728910e+09,6.600000000000000000e+01,3.700000000000000000e+01
1.425911347730571985e+09,6.600000000000000000e+01,3.700000000000000000e+01
1.425911408019548893e+09,6.600000000000000000e+01,3.700000000000000000e+01
1.425911468321899891e+09,6.600000000000000000e+01,3.700000000000000000e+01
1.425911528590588093e+09,6.600000000000000000e+01,3.700000000000000000e+01
1.425911588357350111e+09,6.600000000000000000e+01,3.700000000000000000e+01
1.425911648168411016e+09,6.600000000000000000e+01,3.700000000000000000e+01
1.425911708468843937e+09,6.600000000000000000e+01,3.700000000000000000e+01
1.425911768275948048e+09,6.600000000000000000e+01,3.700000000000000000e+01
1.425911828590945959e+09,6.600000000000000000e+01,3.700000000000000000e+01
1.425911888890095949e+09,6.600000000000000000e+01,3.700000000000000000e+01
1.425911948165028095e+09,6.600000000000000000e+01,3.700000000000000000e+01
1.425912008470643997e+09,6.600000000000000000e+01,3.700000000000000000e+01
1.425912068762343884e+09,6.600000000000000000e+01,3.700000000000000000e+01
1.425912128583960056e+09,6.600000000000000000e+01,3.700000000000000000e+01
1.425912188887821913e+09,6.600000000000000000e+01,3.700000000000000000e+01
1.425912248164671898e+09,6.600000000000000000e+01,3.700000000000000000e+01
1.425912308505757093e+09,6.600000000000000000e+01,3.700000000000000000e+01
1.425912368770270109e+09,6.600000000000000000e+01,3.700000000000000000e+01
1.425912429031147957e+09,6.600000000000000000e+01,3.700000000000000000e+01
1.425912489339093924e+09,6.600000000000000000e+01,3.700000000000000000e+01
1.425912549477678061e+09,6.600000000000000000e+01,3.700000000000000000e+01
1.425912609555602074e+09,6.600000000000000000e+01,3.700000000000000000e+01
1.425912669635056973e+09,6.600000000000000000e+01,3.700000000000000000e+01
1.425912729225569963e+09,6.600000000000000000e+01,3.700000000000000000e+01
1.425912789405704021e+09,6.600000000000000000e+01,3.700000000000000000e+01
1.425912849947949886e+09,6.600000000000000000e+01,3.700000000000000000e+01
1.425912910045562029e+09,6.600000000000000000e+01,3.700000000000000000e+01
1.425912970696854115e+09,6.600000000000000000e+01,3.700000000000000000e+01
1.425913030855925083e+09,6.600000000000000000e+01,3.700000000000000000e+01
1.425913091002674103e+09,6.600000000000000000e+01,3.700000000000000000e+01
1.425913151059317112e+09,6.600000000000000000e+01,3.700000000000000000e+01
1.425913211148312092e+09,6.600000000000000000e+01,3.700000000000000000e+01
1.425913271366369009e+09,6.600000000000000000e+01,3.700000000000000000e+01
1.425913331557440042e+09,6.600000000000000000e+01,3.700000000000000000e+01
1.425913391255894899e+09,6.600000000000000000e+01,3.700000000000000000e+01
1.425913451915895939e+09,6.600000000000000000e+01,3.700000000000000000e+01
1.425913511155514956e+09,6.600000000000000000e+01,3.700000000000000000e+01
1.425913571315623045e+09,6.600000000000000000e+01,3.700000000000000000e+01
1.425913631966862917e+09,6.600000000000000000e+01,3.700000000000000000e+01
1.425913691141681910e+09,6.600000000000000000e+01,3.700000000000000000e+01
1.425913751326433897e+09,6.600000000000000000e+01,3.700000000000000000e+01
1.425913811515520096e+09,6.600000000000000000e+01,3.700000000000000000e+01
1.425913871708328009e+09,6.600000000000000000e+01,3.700000000000000000e+01
1.425913931842669964e+09,6.600000000000000000e+01,3.700000000000000000e+01
1.425913991089376926e+09,6.600000000000000000e+01,3.700000000000000000e+01
1.425914051252876997e+09,6.600000000000000000e+01,3.700000000000000000e+01
1.425914111460150957e+09,6.600000000000000000e+01,3.700000000000000000e+01
1.425914171646900892e+09,6.600000000000000000e+01,3.700000000000000000e+01
1.425914231385586023e+09,6.600000000000000000e+01,3.700000000000000000e+01
1.425914291097415924e+09,6.600000000000000000e+01,3.700000000000000000e+01
1.425914351331151962e+09,6.600000000000000000e+01,3.700000000000000000e+01
1.425914411534229994e+09,6.600000000000000000e+01,3.700000000000000000e+01
1.425914471782457113e+09,6.600000000000000000e+01,3.700000000000000000e+01
1.425914532030726910e+09,6.600000000000000000e+01,3.700000000000000000e+01
1.425914592206387043e+09,6.600000000000000000e+01,3.700000000000000000e+01
1.425914652410347939e+09,6.600000000000000000e+01,3.700000000000000000e+01
1.425914712146089077e+09,6.600000000000000000e+01,3.700000000000000000e+01
1.425914772391940117e+09,6.600000000000000000e+01,3.700000000000000000e+01
1.425914832545542955e+09,6.600000000000000000e+01,3.700000000000000000e+01
1.425914892212847948e+09,6.600000000000000000e+01,3.700000000000000000e+01
1.425914952983828068e+09,6.600000000000000000e+01,3.700000000000000000e+01
1.425915012117887974e+09,6.600000000000000000e+01,3.700000000000000000e+01
1.425915072801170111e+09,6.600000000000000000e+01,3.700000000000000000e+01
1.425915132956487894e+09,6.600000000000000000e+01,3.700000000000000000e+01
1.425915192148154020e+09,6.600000000000000000e+01,3.700000000000000000e+01
1.425915252315738916e+09,6.600000000000000000e+01,3.700000000000000000e+01
1.425915312470187902e+09,6.600000000000000000e+01,3.700000000000000000e+01
1.425915372659797907e+09,6.600000000000000000e+01,3.700000000000000000e+01
1.425915432848854065e+09,6.600000000000000000e+01,3.700000000000000000e+01
1.425915492521078110e+09,6.600000000000000000e+01,3.700000000000000000e+01
1.425915552724572897e+09,6.600000000000000000e+01,3.700000000000000000e+01
1.425915612907250881e+09,6.600000000000000000e+01,3.700000000000000000e+01
1.425915672089893103e+09,6.600000000000000000e+01,3.700000000000000000e+01
1.425915732802227974e+09,6.600000000000000000e+01,3.700000000000000000e+01
1.425915793035610914e+09,6.600000000000000000e+01,3.700000000000000000e+01
1.425915853232191086e+09,6.600000000000000000e+01,3.700000000000000000e+01
1.425915913428246975e+09,6.600000000000000000e+01,3.700000000000000000e+01
1.425915973616468906e+09,6.600000000000000000e+01,3.700000000000000000e+01
1.425916033871860981e+09,6.600000000000000000e+01,3.700000000000000000e+01
1.425916093069701910e+09,6.600000000000000000e+01,3.700000000000000000e+01
1.425916153780314922e+09,6.600000000000000000e+01,3.700000000000000000e+01
1.425916213485464096e+09,6.600000000000000000e+01,3.700000000000000000e+01
1.425916273672775030e+09,6.600000000000000000e+01,3.700000000000000000e+01
1.425916333371671915e+09,6.600000000000000000e+01,3.700000000000000000e+01
1.425916393587410927e+09,6.600000000000000000e+01,3.700000000000000000e+01
1.425916453795537949e+09,6.600000000000000000e+01,3.700000000000000000e+01
1.425916513045520067e+09,6.600000000000000000e+01,3.700000000000000000e+01
1.425916573768909931e+09,6.600000000000000000e+01,3.700000000000000000e+01
1.425916633992444038e+09,6.600000000000000000e+01,3.700000000000000000e+01
1.425916693726922989e+09,6.600000000000000000e+01,3.700000000000000000e+01
1.425916753968653917e+09,6.600000000000000000e+01,3.700000000000000000e+01
1.425916813670955896e+09,6.600000000000000000e+01,3.700000000000000000e+01
1.425916873094830990e+09,6.600000000000000000e+01,3.700000000000000000e+01
1.425916933418121099e+09,6.600000000000000000e+01,3.700000000000000000e+01
1.425916993762188911e+09,6.600000000000000000e+01,3.700000000000000000e+01
1.425917053052078962e+09,6.600000000000000000e+01,3.700000000000000000e+01
1.425917113405529022e+09,6.600000000000000000e+01,3.700000000000000000e+01
1.425917173744518995e+09,6.600000000000000000e+01,3.700000000000000000e+01
1.425917233071186066e+09,6.600000000000000000e+01,3.700000000000000000e+01
1.425917293894541025e+09,6.600000000000000000e+01,3.700000000000000000e+01
1.425917353745556116e+09,6.600000000000000000e+01,3.700000000000000000e+01
1.425917413588572025e+09,6.600000000000000000e+01,3.700000000000000000e+01
1.425917473937933922e+09,6.600000000000000000e+01,3.700000000000000000e+01
1.425917533245840073e+09,6.600000000000000000e+01,3.700000000000000000e+01
1.425917593563488007e+09,6.600000000000000000e+01,3.700000000000000000e+01
1.425917653905553102e+09,6.600000000000000000e+01,3.700000000000000000e+01
1.425917713827079058e+09,6.600000000000000000e+01,3.700000000000000000e+01
1.425917773143341064e+09,6.600000000000000000e+01,3.700000000000000000e+01
1.425917833425668955e+09,6.600000000000000000e+01,3.700000000000000000e+01
1.425917893781061888e+09,6.600000000000000000e+01,3.700000000000000000e+01
1.425917953204866886e+09,6.600000000000000000e+01,3.700000000000000000e+01
1.425918013572314978e+09,6.600000000000000000e+01,3.700000000000000000e+01
1.425918073933063030e+09,6.600000000000000000e+01,3.700000000000000000e+01
1.425918133343775034e+09,6.600000000000000000e+01,3.700000000000000000e+01
1.425918193194308043e+09,6.600000000000000000e+01,3.700000000000000000e+01
1.425918253549547911e+09,6.600000000000000000e+01,3.700000000000000000e+01
1.425918313945751905e+09,6.600000000000000000e+01,3.700000000000000000e+01
1.425918373235510111e+09,6.600000000000000000e+01,3.700000000000000000e+01
1.425918433122044086e+09,6.600000000000000000e+01,3.700000000000000000e+01
1.425918493462728977e+09,6.600000000000000000e+01,3.700000000000000000e+01
1.425918553380660057e+09,6.600000000000000000e+01,3.700000000000000000e+01
1.425918613755681992e+09,6.600000000000000000e+01,3.700000000000000000e+01
1.425918673133897066e+09,6.600000000000000000e+01,3.700000000000000000e+01
1.425918733511845112e+09,6.600000000000000000e+01,3.700000000000000000e+01
1.425918793923327923e+09,6.600000000000000000e+01,3.700000000000000000e+01
1.425918853295622110e+09,6.600000000000000000e+01,3.700000000000000000e+01
1.425918913147331953e+09,6.600000000000000000e+01,3.700000000000000000e+01
1.425918973515716076e+09,6.600000000000000000e+01,3.700000000000000000e+01
1.425919033905558109e+09,6.600000000000000000e+01,3.700000000000000000e+01
1.425919093295542002e+09,6.600000000000000000e+01,3.700000000000000000e+01
1.425919153649466038e+09,6.600000000000000000e+01,3.700000000000000000e+01
1.425919213974836111e+09,6.600000000000000000e+01,3.700000000000000000e+01
1.425919273339091063e+09,6.600000000000000000e+01,3.700000000000000000e+01
1.425919333204015970e+09,6.600000000000000000e+01,3.700000000000000000e+01
1.425919393556036949e+09,6.600000000000000000e+01,3.700000000000000000e+01
1.425919453961241007e+09,6.600000000000000000e+01,3.700000000000000000e+01
1.425919513831244946e+09,6.600000000000000000e+01,3.700000000000000000e+01
1.425919573187331915e+09,6.600000000000000000e+01,3.700000000000000000e+01
1.425919633546629906e+09,6.600000000000000000e+01,3.700000000000000000e+01
1.425919693952599049e+09,6.600000000000000000e+01,3.700000000000000000e+01
1.425919753295620918e+09,6.600000000000000000e+01,3.700000000000000000e+01
1.425919813651490927e+09,6.600000000000000000e+01,3.700000000000000000e+01
1.425919874033057928e+09,6.600000000000000000e+01,3.700000000000000000e+01
1.425919934370917082e+09,6.600000000000000000e+01,3.700000000000000000e+01
1.425919994707211971e+09,6.600000000000000000e+01,3.700000000000000000e+01
1.425920054086297035e+09,6.600000000000000000e+01,3.700000000000000000e+01
1.425920114454936028e+09,6.600000000000000000e+01,3.700000000000000000e+01
1.425920174829958916e+09,6.600000000000000000e+01,3.700000000000000000e+01
1.425920234225625038e+09,6.600000000000000000e+01,3.700000000000000000e+01
1.425920294664043903e+09,6.600000000000000000e+01,3.700000000000000000e+01
1.425920354048613071e+09,6.600000000000000000e+01,3.700000000000000000e+01
1.425920414921291113e+09,6.600000000000000000e+01,3.700000000000000000e+01
1.425920474373264074e+09,6.600000000000000000e+01,3.700000000000000000e+01
1.425920534837958097e+09,6.600000000000000000e+01,3.700000000000000000e+01
1.425920594263017893e+09,6.600000000000000000e+01,3.700000000000000000e+01
1.425920654696584940e+09,6.600000000000000000e+01,3.700000000000000000e+01
1.425920714671926022e+09,6.600000000000000000e+01,3.700000000000000000e+01
1.425920774149137020e+09,6.600000000000000000e+01,3.700000000000000000e+01
1.425920834604823112e+09,6.600000000000000000e+01,3.700000000000000000e+01
1.425920895004790068e+09,6.600000000000000000e+01,3.700000000000000000e+01
1.425920955485405922e+09,6.800000000000000000e+01,3.700000000000000000e+01
1.425921015903779984e+09,6.800000000000000000e+01,3.700000000000000000e+01
1.425921075368264914e+09,6.800000000000000000e+01,3.700000000000000000e+01
1.425921135354980946e+09,6.600000000000000000e+01,3.700000000000000000e+01
1.425921195313232899e+09,6.600000000000000000e+01,3.700000000000000000e+01
1.425921255295536995e+09,6.800000000000000000e+01,3.700000000000000000e+01
1.425921315795535088e+09,6.800000000000000000e+01,3.700000000000000000e+01
1.425921375760036945e+09,6.600000000000000000e+01,3.700000000000000000e+01
1.425921435240201950e+09,6.600000000000000000e+01,3.700000000000000000e+01
1.425921495201565027e+09,6.600000000000000000e+01,3.700000000000000000e+01
1.425921555696290016e+09,6.800000000000000000e+01,3.700000000000000000e+01
1.425921615135972977e+09,6.600000000000000000e+01,3.700000000000000000e+01
1.425921675547517061e+09,6.600000000000000000e+01,3.700000000000000000e+01
1.425921735532500029e+09,6.600000000000000000e+01,3.700000000000000000e+01
1.425921795966274023e+09,6.600000000000000000e+01,3.700000000000000000e+01
1.425921855419342041e+09,6.600000000000000000e+01,3.700000000000000000e+01
1.425921915383186102e+09,6.600000000000000000e+01,3.700000000000000000e+01
1.425921975842674971e+09,6.600000000000000000e+01,3.700000000000000000e+01
1.425922035355528116e+09,6.600000000000000000e+01,3.700000000000000000e+01
1.425922095830127001e+09,6.800000000000000000e+01,3.700000000000000000e+01
1.425922155337877035e+09,6.800000000000000000e+01,3.700000000000000000e+01
1.425922215822849989e+09,6.800000000000000000e+01,3.700000000000000000e+01
1.425922275308255911e+09,6.600000000000000000e+01,3.700000000000000000e+01
1.425922335793642044e+09,6.800000000000000000e+01,3.700000000000000000e+01
1.425922395258749962e+09,6.800000000000000000e+01,3.700000000000000000e+01
1.425922455813218117e+09,6.800000000000000000e+01,3.700000000000000000e+01
1.425922515295608044e+09,6.800000000000000000e+01,3.700000000000000000e+01
1.425922575800295115e+09,6.800000000000000000e+01,3.700000000000000000e+01
1.425922635251322985e+09,6.800000000000000000e+01,3.700000000000000000e+01
1.425922695703584909e+09,6.800000000000000000e+01,3.700000000000000000e+01
1.425922755204111099e+09,6.800000000000000000e+01,3.700000000000000000e+01
1.425922815240113020e+09,6.800000000000000000e+01,3.700000000000000000e+01
1.425922875703748941e+09,6.800000000000000000e+01,3.700000000000000000e+01
1.425922935795545101e+09,6.800000000000000000e+01,3.700000000000000000e+01
1.425922995329497099e+09,6.800000000000000000e+01,3.700000000000000000e+01
1.425923055343597889e+09,6.800000000000000000e+01,3.700000000000000000e+01
1.425923115891696930e+09,6.800000000000000000e+01,3.700000000000000000e+01
1.425923175449537039e+09,6.800000000000000000e+01,3.700000000000000000e+01
1.425923235944649935e+09,6.800000000000000000e+01,3.700000000000000000e+01
1.425923295921607971e+09,6.800000000000000000e+01,3.700000000000000000e+01
1.425923355398761034e+09,6.800000000000000000e+01,3.700000000000000000e+01
1.425923415894617081e+09,6.800000000000000000e+01,3.700000000000000000e+01
1.425923475370692015e+09,6.800000000000000000e+01,3.700000000000000000e+01
1.425923535862781048e+09,6.800000000000000000e+01,3.700000000000000000e+01
1.425923595344768047e+09,6.800000000000000000e+01,3.700000000000000000e+01
1.425923655328203917e+09,6.800000000000000000e+01,3.700000000000000000e+01
1.425923715855593920e+09,6.800000000000000000e+01,3.700000000000000000e+01
1.425923775347778082e+09,6.800000000000000000e+01,3.700000000000000000e+01
1.425923835843051910e+09,6.800000000000000000e+01,3.700000000000000000e+01
1.425923895349927902e+09,6.800000000000000000e+01,3.700000000000000000e+01
1.425923955806586027e+09,6.800000000000000000e+01,3.700000000000000000e+01
1.425924015300013065e+09,6.800000000000000000e+01,3.700000000000000000e+01
1.425924075871969938e+09,6.800000000000000000e+01,3.700000000000000000e+01
1.425924135473228931e+09,6.800000000000000000e+01,3.700000000000000000e+01
1.425924195055176020e+09,6.800000000000000000e+01,3.700000000000000000e+01
1.425924255159756899e+09,6.800000000000000000e+01,3.700000000000000000e+01
1.425924315785165071e+09,6.800000000000000000e+01,3.700000000000000000e+01
1.425924375878499031e+09,6.800000000000000000e+01,3.700000000000000000e+01
1.425924435502976894e+09,6.800000000000000000e+01,3.700000000000000000e+01
1.425924495595561028e+09,6.800000000000000000e+01,3.700000000000000000e+01
1.425924555728172064e+09,6.800000000000000000e+01,3.700000000000000000e+01
1.425924615389976025e+09,6.800000000000000000e+01,3.700000000000000000e+01
1.425924675965672970e+09,6.800000000000000000e+01,3.700000000000000000e+01
1.425924735575831890e+09,6.800000000000000000e+01,3.700000000000000000e+01
1.425924795634708881e+09,6.800000000000000000e+01,3.700000000000000000e+01
1.425924855242544889e+09,6.800000000000000000e+01,3.700000000000000000e+01
1.425924915836200953e+09,6.800000000000000000e+01,3.700000000000000000e+01
1.425924975924375057e+09,6.800000000000000000e+01,3.700000000000000000e+01
1.425925035521886110e+09,6.800000000000000000e+01,3.700000000000000000e+01
1.425925095637828112e+09,6.800000000000000000e+01,3.700000000000000000e+01
1.425925155238038063e+09,6.800000000000000000e+01,3.700000000000000000e+01
1.425925215369946003e+09,6.800000000000000000e+01,3.700000000000000000e+01
1.425925275459875107e+09,6.800000000000000000e+01,3.700000000000000000e+01
1.425925335119558096e+09,6.800000000000000000e+01,3.700000000000000000e+01
1.425925395222058058e+09,6.800000000000000000e+01,3.700000000000000000e+01
1.425925455797754049e+09,6.800000000000000000e+01,3.700000000000000000e+01
1.425925515451626062e+09,6.800000000000000000e+01,3.700000000000000000e+01
1.425925575080311060e+09,6.800000000000000000e+01,3.700000000000000000e+01
1.425925635703533888e+09,6.800000000000000000e+01,3.700000000000000000e+01
1.425925695374907970e+09,6.800000000000000000e+01,3.700000000000000000e+01
1.425925755545553923e+09,6.800000000000000000e+01,3.700000000000000000e+01
1.425925815198025942e+09,6.800000000000000000e+01,3.700000000000000000e+01
1.425925875880656004e+09,6.800000000000000000e+01,3.700000000000000000e+01
1.425925935122581959e+09,6.800000000000000000e+01,3.700000000000000000e+01
1.425925995733372927e+09,6.800000000000000000e+01,3.700000000000000000e+01
1.425926055858514071e+09,6.800000000000000000e+01,3.700000000000000000e+01
1.425926115558168888e+09,6.800000000000000000e+01,3.700000000000000000e+01
1.425926175195219040e+09,6.800000000000000000e+01,3.700000000000000000e+01
1.425926235885869026e+09,6.800000000000000000e+01,3.700000000000000000e+01
1.425926295057041883e+09,6.800000000000000000e+01,3.700000000000000000e+01
1.425926355196696043e+09,6.800000000000000000e+01,3.700000000000000000e+01
1.425926415854687929e+09,6.800000000000000000e+01,3.700000000000000000e+01
1.425926475115078926e+09,6.800000000000000000e+01,3.700000000000000000e+01
1.425926535749176979e+09,6.800000000000000000e+01,3.700000000000000000e+01
1.425926595488836050e+09,6.800000000000000000e+01,3.700000000000000000e+01
1.425926655677115917e+09,6.800000000000000000e+01,3.700000000000000000e+01
1.425926715341985941e+09,6.800000000000000000e+01,3.700000000000000000e+01
1.425926775985419035e+09,6.800000000000000000e+01,3.700000000000000000e+01
1.425926835629410028e+09,6.800000000000000000e+01,3.700000000000000000e+01
1.425926895332493067e+09,6.800000000000000000e+01,3.700000000000000000e+01
1.425926955529382944e+09,6.800000000000000000e+01,3.700000000000000000e+01
1.425927015187298059e+09,6.800000000000000000e+01,3.700000000000000000e+01
1.425927075506491899e+09,6.800000000000000000e+01,3.700000000000000000e+01
1.425927135156316042e+09,6.800000000000000000e+01,3.700000000000000000e+01
1.425927195358656883e+09,6.800000000000000000e+01,3.700000000000000000e+01
1.425927256031145096e+09,6.800000000000000000e+01,3.700000000000000000e+01
1.425927316696749926e+09,6.800000000000000000e+01,3.700000000000000000e+01
1.425927376391709089e+09,6.800000000000000000e+01,3.700000000000000000e+01
1.425927436071276903e+09,6.800000000000000000e+01,3.700000000000000000e+01
1.425927496325562954e+09,6.800000000000000000e+01,3.700000000000000000e+01
1.425927557018857956e+09,6.800000000000000000e+01,3.700000000000000000e+01
1.425927617665630102e+09,6.800000000000000000e+01,3.700000000000000000e+01
1.425927677413570881e+09,6.800000000000000000e+01,3.700000000000000000e+01
1.425927737129129887e+09,6.800000000000000000e+01,3.700000000000000000e+01
1.425927797919032097e+09,6.800000000000000000e+01,3.700000000000000000e+01
1.425927857164283037e+09,6.800000000000000000e+01,3.700000000000000000e+01
1.425927917927285910e+09,6.800000000000000000e+01,3.700000000000000000e+01
1.425927977709619999e+09,6.800000000000000000e+01,3.700000000000000000e+01
1.425928037490695000e+09,6.800000000000000000e+01,3.700000000000000000e+01
1.425928097215960979e+09,6.800000000000000000e+01,3.700000000000000000e+01
1.425928157939142942e+09,6.800000000000000000e+01,3.700000000000000000e+01
1.425928217684264898e+09,6.800000000000000000e+01,3.700000000000000000e+01
1.425928277473104954e+09,6.800000000000000000e+01,3.700000000000000000e+01
1.425928337278356075e+09,6.800000000000000000e+01,3.700000000000000000e+01
1.425928397058065891e+09,6.800000000000000000e+01,3.700000000000000000e+01
1.425928457759145021e+09,6.800000000000000000e+01,3.700000000000000000e+01
1.425928518029836893e+09,6.800000000000000000e+01,3.700000000000000000e+01
1.425928578807218075e+09,6.800000000000000000e+01,3.700000000000000000e+01
1.425928638576648951e+09,6.800000000000000000e+01,3.700000000000000000e+01
1.425928698309917927e+09,6.800000000000000000e+01,3.700000000000000000e+01
1.425928758077421904e+09,6.800000000000000000e+01,3.700000000000000000e+01
1.425928818391649961e+09,6.800000000000000000e+01,3.700000000000000000e+01
1.425928878158233881e+09,6.800000000000000000e+01,3.700000000000000000e+01
1.425928938481327057e+09,6.800000000000000000e+01,3.700000000000000000e+01
1.425928998699987888e+09,6.800000000000000000e+01,3.700000000000000000e+01
1.425929058488940954e+09,6.800000000000000000e+01,3.700000000000000000e+01
1.425929118263725042e+09,6.800000000000000000e+01,3.700000000000000000e+01
1.425929179020201921e+09,6.800000000000000000e+01,3.700000000000000000e+01
1.425929239409240007e+09,6.800000000000000000e+01,3.700000000000000000e+01
1.425929299637402058e+09,6.800000000000000000e+01,3.700000000000000000e+01
1.425929359421806097e+09,6.800000000000000000e+01,3.700000000000000000e+01
1.425929419206285954e+09,6.800000000000000000e+01,3.700000000000000000e+01
1.425929479960856915e+09,6.800000000000000000e+01,3.700000000000000000e+01
1.425929539675601006e+09,6.800000000000000000e+01,3.700000000000000000e+01
1.425929599051467896e+09,6.800000000000000000e+01,3.700000000000000000e+01
1.425929659810127974e+09,6.800000000000000000e+01,3.700000000000000000e+01
1.425929719620707035e+09,6.800000000000000000e+01,3.700000000000000000e+01
1.425929779387861967e+09,6.800000000000000000e+01,3.700000000000000000e+01
1.425929839196619987e+09,6.800000000000000000e+01,3.700000000000000000e+01
1.425929899511209965e+09,6.800000000000000000e+01,3.700000000000000000e+01
1.425929959267323971e+09,6.800000000000000000e+01,3.700000000000000000e+01
1.425930019589612007e+09,6.800000000000000000e+01,3.700000000000000000e+01
1.425930079315709114e+09,3.900000000000000000e+01,3.700000000000000000e+01
1.425930139101878881e+09,6.800000000000000000e+01,3.700000000000000000e+01
1.425930199399255991e+09,6.800000000000000000e+01,3.700000000000000000e+01
1.425930259146356106e+09,6.800000000000000000e+01,3.700000000000000000e+01
1.425930319936750889e+09,6.800000000000000000e+01,3.700000000000000000e+01
1.425930379683007002e+09,6.800000000000000000e+01,3.700000000000000000e+01
1.425930439955475092e+09,6.800000000000000000e+01,3.700000000000000000e+01
1.425930499295599937e+09,6.800000000000000000e+01,3.700000000000000000e+01
1.425930559076020956e+09,6.800000000000000000e+01,3.700000000000000000e+01
1.425930619436954021e+09,6.800000000000000000e+01,3.700000000000000000e+01
1.425930679156395912e+09,6.800000000000000000e+01,3.700000000000000000e+01
1.425930739879425049e+09,6.800000000000000000e+01,3.700000000000000000e+01
1.425930799680701017e+09,6.800000000000000000e+01,3.700000000000000000e+01
1.425930859450383902e+09,6.800000000000000000e+01,3.700000000000000000e+01
1.425930919778155088e+09,6.800000000000000000e+01,3.700000000000000000e+01
1.425930979559691906e+09,6.800000000000000000e+01,3.700000000000000000e+01
1.425931039344677925e+09,6.800000000000000000e+01,3.700000000000000000e+01
1.425931099132868052e+09,6.800000000000000000e+01,3.700000000000000000e+01
1.425931159938199043e+09,6.800000000000000000e+01,3.700000000000000000e+01
1.425931219716303110e+09,6.800000000000000000e+01,3.700000000000000000e+01
1.425931279629554033e+09,6.800000000000000000e+01,3.700000000000000000e+01
1.425931339777304888e+09,6.800000000000000000e+01,3.700000000000000000e+01
1.425931399427836895e+09,6.800000000000000000e+01,3.700000000000000000e+01
1.425931459571247101e+09,6.800000000000000000e+01,3.700000000000000000e+01
1.425931519249505997e+09,6.800000000000000000e+01,3.700000000000000000e+01
1.425931579335053921e+09,6.800000000000000000e+01,3.700000000000000000e+01
1.425931639473804951e+09,6.800000000000000000e+01,3.700000000000000000e+01
1.425931699561391115e+09,6.800000000000000000e+01,3.700000000000000000e+01
1.425931759222052097e+09,6.800000000000000000e+01,3.700000000000000000e+01
1.425931819870508909e+09,6.800000000000000000e+01,3.700000000000000000e+01
1.425931879635633945e+09,6.800000000000000000e+01,3.700000000000000000e+01
1.425931939847243071e+09,6.800000000000000000e+01,3.700000000000000000e+01
1.425932000012861013e+09,6.800000000000000000e+01,3.700000000000000000e+01
1.425932060133900881e+09,6.800000000000000000e+01,3.700000000000000000e+01
1.425932120233513117e+09,6.800000000000000000e+01,3.700000000000000000e+01
1.425932180898168087e+09,6.800000000000000000e+01,3.700000000000000000e+01
1.425932240528081894e+09,6.800000000000000000e+01,3.700000000000000000e+01
1.425932300680182934e+09,6.800000000000000000e+01,3.700000000000000000e+01
1.425932360335598946e+09,6.800000000000000000e+01,3.700000000000000000e+01
1.425932420483190060e+09,6.800000000000000000e+01,3.700000000000000000e+01
1.425932480703926086e+09,6.800000000000000000e+01,3.700000000000000000e+01
1.425932540848078966e+09,6.800000000000000000e+01,3.700000000000000000e+01
1.425932600532536983e+09,6.800000000000000000e+01,3.700000000000000000e+01
1.425932660629518032e+09,6.800000000000000000e+01,3.700000000000000000e+01
1.425932720795614958e+09,6.800000000000000000e+01,3.700000000000000000e+01
1.425932780051695108e+09,6.800000000000000000e+01,3.700000000000000000e+01
1.425932840696568012e+09,6.800000000000000000e+01,3.700000000000000000e+01
1.425932900905656099e+09,6.800000000000000000e+01,3.700000000000000000e+01
1.425932960134011984e+09,6.800000000000000000e+01,3.700000000000000000e+01
1.425933020819438934e+09,6.800000000000000000e+01,3.700000000000000000e+01
1.425933080500145912e+09,6.800000000000000000e+01,3.700000000000000000e+01
1.425933140652204037e+09,6.800000000000000000e+01,3.700000000000000000e+01
1.425933200827965975e+09,6.800000000000000000e+01,3.700000000000000000e+01
1.425933260986551046e+09,6.800000000000000000e+01,3.700000000000000000e+01
1.425933320179874897e+09,6.800000000000000000e+01,3.700000000000000000e+01
1.425933380326055050e+09,6.800000000000000000e+01,3.700000000000000000e+01
1.425933440970244884e+09,6.800000000000000000e+01,3.700000000000000000e+01
1.425933500161448002e+09,6.800000000000000000e+01,3.700000000000000000e+01
1.425933560337150097e+09,6.800000000000000000e+01,3.700000000000000000e+01
1.425933620545602083e+09,6.800000000000000000e+01,3.700000000000000000e+01
1.425933680733019114e+09,6.800000000000000000e+01,3.700000000000000000e+01
1.425933740878488064e+09,6.800000000000000000e+01,3.700000000000000000e+01
1.425933801045615911e+09,6.800000000000000000e+01,3.700000000000000000e+01
1.425933861245750904e+09,6.800000000000000000e+01,3.700000000000000000e+01
1.425933921992105007e+09,6.800000000000000000e+01,3.700000000000000000e+01
1.425933981235788107e+09,6.800000000000000000e+01,3.700000000000000000e+01
1.425934041933141947e+09,6.800000000000000000e+01,3.700000000000000000e+01
1.425934101105386019e+09,6.800000000000000000e+01,3.700000000000000000e+01
1.425934161816447973e+09,6.800000000000000000e+01,3.700000000000000000e+01
1.425934221556512117e+09,6.800000000000000000e+01,3.700000000000000000e+01
1.425934281739257097e+09,6.800000000000000000e+01,3.700000000000000000e+01
1.425934341935590982e+09,6.800000000000000000e+01,3.700000000000000000e+01
1.425934401190480947e+09,6.800000000000000000e+01,3.700000000000000000e+01
1.425934461426894903e+09,6.800000000000000000e+01,3.700000000000000000e+01
1.425934521603419065e+09,6.800000000000000000e+01,3.700000000000000000e+01
1.425934581865005970e+09,6.800000000000000000e+01,3.700000000000000000e+01
1.425934641056257010e+09,6.800000000000000000e+01,3.700000000000000000e+01
1.425934701764954090e+09,6.800000000000000000e+01,3.700000000000000000e+01
1.425934761517323971e+09,6.800000000000000000e+01,3.700000000000000000e+01
1.425934821260812998e+09,6.800000000000000000e+01,3.700000000000000000e+01
1.425934881133912086e+09,6.800000000000000000e+01,3.700000000000000000e+01
1.425934942002502918e+09,6.800000000000000000e+01,3.700000000000000000e+01
1.425935002724039078e+09,6.800000000000000000e+01,3.700000000000000000e+01
1.425935062427723885e+09,6.800000000000000000e+01,3.700000000000000000e+01
1.425935122633917093e+09,6.800000000000000000e+01,3.700000000000000000e+01
1.425935182801376104e+09,6.800000000000000000e+01,3.700000000000000000e+01
1.425935243029097080e+09,6.800000000000000000e+01,3.700000000000000000e+01
1.425935303245546103e+09,6.800000000000000000e+01,3.700000000000000000e+01
1.425935363437309980e+09,6.800000000000000000e+01,3.700000000000000000e+01
1.425935423627892971e+09,6.800000000000000000e+01,3.700000000000000000e+01
1.425935483343333006e+09,6.800000000000000000e+01,3.700000000000000000e+01
1.425935543632267952e+09,6.800000000000000000e+01,3.700000000000000000e+01
1.425935604005465031e+09,6.800000000000000000e+01,3.700000000000000000e+01
1.425935664249356031e+09,6.800000000000000000e+01,3.700000000000000000e+01
1.425935724442845106e+09,6.800000000000000000e+01,3.700000000000000000e+01
1.425935784159120083e+09,6.800000000000000000e+01,3.700000000000000000e+01
1.425935844388945103e+09,6.800000000000000000e+01,3.700000000000000000e+01
1.425935904638406038e+09,6.800000000000000000e+01,3.700000000000000000e+01
1.425935964396600008e+09,6.800000000000000000e+01,3.700000000000000000e+01
1.425936024110318899e+09,6.800000000000000000e+01,3.700000000000000000e+01
1.425936084356584072e+09,6.800000000000000000e+01,3.700000000000000000e+01
1.425936144602960110e+09,6.800000000000000000e+01,3.700000000000000000e+01
1.425936204795602083e+09,6.800000000000000000e+01,3.700000000000000000e+01
1.425936264998229027e+09,6.800000000000000000e+01,3.700000000000000000e+01
1.425936324221066952e+09,6.800000000000000000e+01,3.700000000000000000e+01
1.425936384946790934e+09,6.800000000000000000e+01,3.700000000000000000e+01
1.425936444162187099e+09,6.800000000000000000e+01,3.700000000000000000e+01
1.425936504439639091e+09,6.800000000000000000e+01,3.700000000000000000e+01
1.425936564621434927e+09,6.800000000000000000e+01,3.700000000000000000e+01
1.425936624930675983e+09,6.800000000000000000e+01,3.700000000000000000e+01
1.425936684206923008e+09,6.800000000000000000e+01,3.700000000000000000e+01
1.425936744414366961e+09,6.800000000000000000e+01,3.700000000000000000e+01
1.425936804626475096e+09,6.800000000000000000e+01,3.700000000000000000e+01
1.425936864873999119e+09,6.800000000000000000e+01,3.700000000000000000e+01
1.425936924631303072e+09,6.800000000000000000e+01,3.700000000000000000e+01
1.425936984825997114e+09,6.800000000000000000e+01,3.700000000000000000e+01
1.425937045004071951e+09,6.800000000000000000e+01,3.700000000000000000e+01
1.425937105245487928e+09,6.800000000000000000e+01,3.700000000000000000e+01
1.425937165486871958e+09,6.800000000000000000e+01,3.700000000000000000e+01
1.425937225695529938e+09,6.800000000000000000e+01,3.700000000000000000e+01
1.425937285402352095e+09,6.800000000000000000e+01,3.700000000000000000e+01
1.425937345755570889e+09,6.800000000000000000e+01,3.700000000000000000e+01
1.425937405973609924e+09,6.800000000000000000e+01,3.700000000000000000e+01
1.425937465728095055e+09,6.800000000000000000e+01,3.700000000000000000e+01
1.425937525459427118e+09,6.800000000000000000e+01,3.700000000000000000e+01
1.425937585179518938e+09,6.800000000000000000e+01,3.700000000000000000e+01
1.425937645420527935e+09,6.800000000000000000e+01,3.700000000000000000e+01
1.425937705618496895e+09,6.800000000000000000e+01,3.700000000000000000e+01
1.425937765828979015e+09,6.800000000000000000e+01,3.700000000000000000e+01
1.425937825045672894e+09,6.800000000000000000e+01,3.700000000000000000e+01
1.425937885242578983e+09,6.800000000000000000e+01,3.700000000000000000e+01
1.425937945531431913e+09,6.800000000000000000e+01,3.700000000000000000e+01
1.425938005795679092e+09,6.800000000000000000e+01,3.700000000000000000e+01
1.425938065058767080e+09,6.800000000000000000e+01,3.700000000000000000e+01
1.425938125812644005e+09,6.800000000000000000e+01,3.700000000000000000e+01
1.425938185117877007e+09,6.800000000000000000e+01,3.700000000000000000e+01
1.425938245862642050e+09,6.800000000000000000e+01,3.700000000000000000e+01
1.425938305053036928e+09,6.800000000000000000e+01,3.700000000000000000e+01
1.425938365313937902e+09,6.800000000000000000e+01,3.700000000000000000e+01
1.425938425626439095e+09,6.800000000000000000e+01,3.700000000000000000e+01
1.425938485435117960e+09,6.800000000000000000e+01,3.700000000000000000e+01
1.425938545730040073e+09,6.800000000000000000e+01,3.700000000000000000e+01
1.425938605133991957e+09,6.800000000000000000e+01,3.700000000000000000e+01
1.425938665963527918e+09,6.800000000000000000e+01,3.700000000000000000e+01
1.425938725873272896e+09,6.800000000000000000e+01,3.700000000000000000e+01
1.425938785367917061e+09,6.800000000000000000e+01,3.700000000000000000e+01
1.425938845568855047e+09,6.800000000000000000e+01,3.700000000000000000e+01
1.425938905205897093e+09,6.800000000000000000e+01,3.700000000000000000e+01
1.425938965685532093e+09,6.800000000000000000e+01,3.700000000000000000e+01
1.425939025609383106e+09,6.400000000000000000e+01,3.800000000000000000e+01
1.425939085645550013e+09,6.400000000000000000e+01,3.800000000000000000e+01
1.425939145593861103e+09,6.200000000000000000e+01,3.700000000000000000e+01
1.425939205076205969e+09,6.000000000000000000e+01,3.800000000000000000e+01
1.425939266045644999e+09,6.000000000000000000e+01,3.800000000000000000e+01
1.425939326057257891e+09,6.000000000000000000e+01,3.800000000000000000e+01
1.425939386556576967e+09,6.000000000000000000e+01,3.800000000000000000e+01
1.425939446547533989e+09,6.000000000000000000e+01,3.800000000000000000e+01
1.425939506545628071e+09,6.000000000000000000e+01,3.800000000000000000e+01
1.425939566545551062e+09,6.000000000000000000e+01,3.800000000000000000e+01
1.425939626557991028e+09,6.000000000000000000e+01,3.800000000000000000e+01
1.425939686961364985e+09,6.000000000000000000e+01,3.800000000000000000e+01
1.425939746375844002e+09,6.000000000000000000e+01,3.800000000000000000e+01
1.425939806850344896e+09,6.000000000000000000e+01,3.800000000000000000e+01
1.425939866269278049e+09,6.200000000000000000e+01,3.800000000000000000e+01
1.425939926287550926e+09,6.200000000000000000e+01,3.800000000000000000e+01
1.425939986229578018e+09,6.200000000000000000e+01,3.700000000000000000e+01
1.425940046711781025e+09,6.200000000000000000e+01,3.800000000000000000e+01
1.425940106688412905e+09,6.200000000000000000e+01,3.800000000000000000e+01
1.425940166138926029e+09,6.200000000000000000e+01,3.800000000000000000e+01
1.425940226595427990e+09,6.400000000000000000e+01,3.800000000000000000e+01
1.425940286084609032e+09,6.400000000000000000e+01,3.800000000000000000e+01
1.425940346045620918e+09,6.400000000000000000e+01,3.800000000000000000e+01
1.425940406066636086e+09,6.400000000000000000e+01,3.800000000000000000e+01
1.425940466985369921e+09,6.400000000000000000e+01,3.800000000000000000e+01
1.425940526529086113e+09,6.400000000000000000e+01,3.800000000000000000e+01
1.425940586951117992e+09,6.400000000000000000e+01,3.800000000000000000e+01
1.425940646432310104e+09,6.400000000000000000e+01,3.800000000000000000e+01
1.425940706954372883e+09,6.400000000000000000e+01,3.800000000000000000e+01
1.425940766431551933e+09,6.400000000000000000e+01,3.700000000000000000e+01
1.425940826953825951e+09,6.400000000000000000e+01,3.800000000000000000e+01
1.425940886459547997e+09,6.400000000000000000e+01,3.800000000000000000e+01
1.425940946950186968e+09,6.400000000000000000e+01,3.800000000000000000e+01
1.425941006439062119e+09,6.400000000000000000e+01,3.800000000000000000e+01
1.425941066913624048e+09,6.400000000000000000e+01,3.800000000000000000e+01
1.425941126386749029e+09,6.400000000000000000e+01,3.800000000000000000e+01
1.425941186342035055e+09,6.400000000000000000e+01,3.800000000000000000e+01
1.425941246795556068e+09,6.400000000000000000e+01,3.800000000000000000e+01
1.425941306263216019e+09,6.400000000000000000e+01,3.800000000000000000e+01
1.425941366220117092e+09,6.400000000000000000e+01,3.800000000000000000e+01
1.425941426184968948e+09,6.400000000000000000e+01,3.800000000000000000e+01
1.425941486666621923e+09,6.400000000000000000e+01,3.800000000000000000e+01
1.425941546145508051e+09,6.600000000000000000e+01,3.700000000000000000e+01
1.425941606634465933e+09,6.600000000000000000e+01,3.700000000000000000e+01
1.425941666615567923e+09,6.600000000000000000e+01,3.700000000000000000e+01
1.425941726624516964e+09,6.600000000000000000e+01,3.700000000000000000e+01
1.425941786096898079e+09,6.600000000000000000e+01,3.700000000000000000e+01
1.425941846593913078e+09,6.600000000000000000e+01,3.700000000000000000e+01
1.425941906060848951e+09,6.600000000000000000e+01,3.700000000000000000e+01
1.425941966080775976e+09,6.600000000000000000e+01,3.700000000000000000e+01
1.425942026545589924e+09,6.600000000000000000e+01,3.700000000000000000e+01
1.425942086077416897e+09,6.600000000000000000e+01,3.700000000000000000e+01
1.425942146612601995e+09,6.600000000000000000e+01,3.700000000000000000e+01
1.425942206080194950e+09,6.600000000000000000e+01,3.700000000000000000e+01
1.425942266589797974e+09,6.600000000000000000e+01,3.700000000000000000e+01
1.425942326078358889e+09,6.600000000000000000e+01,3.700000000000000000e+01
1.425942386545567036e+09,6.600000000000000000e+01,3.700000000000000000e+01
1.425942447005172014e+09,6.600000000000000000e+01,3.700000000000000000e+01
1.425942507481158972e+09,6.600000000000000000e+01,3.700000000000000000e+01
1.425942567981108904e+09,6.600000000000000000e+01,3.700000000000000000e+01
1.425942627450896025e+09,6.600000000000000000e+01,3.700000000000000000e+01
1.425942687522085905e+09,6.600000000000000000e+01,3.700000000000000000e+01
1.425942747486352921e+09,6.600000000000000000e+01,3.700000000000000000e+01
1.425942807070523024e+09,6.600000000000000000e+01,3.700000000000000000e+01
1.425942867596930027e+09,6.600000000000000000e+01,3.700000000000000000e+01
1.425942927133910894e+09,6.600000000000000000e+01,3.700000000000000000e+01
1.425942987685086012e+09,6.600000000000000000e+01,3.700000000000000000e+01
1.425943047221193075e+09,6.800000000000000000e+01,3.700000000000000000e+01
1.425943107259963036e+09,6.800000000000000000e+01,3.700000000000000000e+01
1.425943167801057100e+09,6.800000000000000000e+01,3.700000000000000000e+01
1.425943227320271969e+09,6.800000000000000000e+01,3.700000000000000000e+01
1.425943287866358042e+09,6.800000000000000000e+01,3.700000000000000000e+01
1.425943347957319021e+09,6.800000000000000000e+01,3.700000000000000000e+01
1.425943408008586884e+09,6.800000000000000000e+01,3.700000000000000000e+01
1.425943468056750059e+09,6.800000000000000000e+01,3.700000000000000000e+01
1.425943528628962994e+09,6.800000000000000000e+01,3.700000000000000000e+01
1.425943588166304111e+09,6.800000000000000000e+01,3.700000000000000000e+01
1.425943648677357912e+09,6.800000000000000000e+01,3.700000000000000000e+01
1.425943708798069954e+09,6.800000000000000000e+01,3.700000000000000000e+01
1.425943768330176115e+09,6.800000000000000000e+01,3.700000000000000000e+01
1.425943828864979982e+09,6.800000000000000000e+01,3.700000000000000000e+01
1.425943888402024031e+09,6.800000000000000000e+01,3.700000000000000000e+01
1.425943948480886936e+09,6.800000000000000000e+01,3.700000000000000000e+01
1.425944008987135887e+09,6.800000000000000000e+01,3.700000000000000000e+01
1.425944068554744959e+09,6.800000000000000000e+01,3.700000000000000000e+01
1.425944128133980036e+09,6.800000000000000000e+01,3.700000000000000000e+01
1.425944188199764967e+09,6.800000000000000000e+01,3.700000000000000000e+01
1.425944248730851889e+09,6.800000000000000000e+01,3.700000000000000000e+01
1.425944308258894920e+09,6.800000000000000000e+01,3.700000000000000000e+01
1.425944368751660109e+09,6.800000000000000000e+01,3.700000000000000000e+01
1.425944428295624971e+09,6.800000000000000000e+01,3.700000000000000000e+01
1.425944488399044037e+09,6.800000000000000000e+01,3.700000000000000000e+01
1.425944548484291077e+09,6.800000000000000000e+01,3.700000000000000000e+01
1.425944608045542002e+09,6.800000000000000000e+01,3.700000000000000000e+01
1.425944668586318970e+09,6.800000000000000000e+01,3.700000000000000000e+01
1.425944728133907080e+09,6.800000000000000000e+01,3.700000000000000000e+01
1.425944788279073954e+09,6.800000000000000000e+01,3.700000000000000000e+01
1.425944848328409910e+09,6.800000000000000000e+01,3.700000000000000000e+01
1.425944908901472092e+09,6.800000000000000000e+01,3.700000000000000000e+01
1.425944969008290052e+09,6.800000000000000000e+01,3.700000000000000000e+01
1.425945029545650959e+09,6.800000000000000000e+01,3.700000000000000000e+01
1.425945089123960972e+09,6.800000000000000000e+01,3.700000000000000000e+01
1.425945149683681011e+09,6.800000000000000000e+01,3.700000000000000000e+01
1.425945209735589027e+09,6.800000000000000000e+01,3.700000000000000000e+01
1.425945269295623064e+09,6.800000000000000000e+01,3.700000000000000000e+01
1.425945329875662088e+09,6.800000000000000000e+01,3.700000000000000000e+01
1.425945389447434902e+09,6.800000000000000000e+01,3.700000000000000000e+01
1.425945450007358074e+09,6.800000000000000000e+01,3.700000000000000000e+01
1.425945510596554041e+09,6.800000000000000000e+01,3.700000000000000000e+01
1.425945570682209015e+09,6.800000000000000000e+01,3.700000000000000000e+01
1.425945630210598946e+09,6.800000000000000000e+01,3.700000000000000000e+01
1.425945690983294010e+09,6.800000000000000000e+01,3.700000000000000000e+01
1.425945750133900881e+09,6.800000000000000000e+01,3.700000000000000000e+01
1.425945810801289082e+09,6.800000000000000000e+01,3.700000000000000000e+01
1.425945870395517111e+09,6.800000000000000000e+01,3.700000000000000000e+01
1.425945930066333055e+09,6.800000000000000000e+01,3.700000000000000000e+01
1.425945990677699089e+09,6.800000000000000000e+01,3.700000000000000000e+01
1.425946050817096949e+09,6.800000000000000000e+01,3.700000000000000000e+01
1.425946110941261053e+09,6.800000000000000000e+01,3.700000000000000000e+01
1.425946170679306984e+09,6.800000000000000000e+01,3.700000000000000000e+01
1.425946230295665026e+09,6.800000000000000000e+01,3.700000000000000000e+01
1.425946290954765081e+09,6.800000000000000000e+01,3.700000000000000000e+01
1.425946350145550013e+09,6.800000000000000000e+01,3.700000000000000000e+01
1.425946410823775053e+09,6.800000000000000000e+01,3.700000000000000000e+01
1.425946470434489012e+09,6.800000000000000000e+01,3.700000000000000000e+01
1.425946530698296070e+09,6.800000000000000000e+01,3.700000000000000000e+01
1.425946590375653982e+09,6.800000000000000000e+01,3.700000000000000000e+01
1.425946650103820086e+09,6.800000000000000000e+01,3.700000000000000000e+01
1.425946710835140944e+09,6.800000000000000000e+01,3.700000000000000000e+01
1.425946770480088949e+09,6.800000000000000000e+01,3.700000000000000000e+01
1.425946830100785017e+09,6.800000000000000000e+01,3.700000000000000000e+01
1.425946890818429947e+09,6.800000000000000000e+01,3.700000000000000000e+01
1.425946950082663059e+09,6.800000000000000000e+01,3.700000000000000000e+01
1.425947010702322960e+09,6.800000000000000000e+01,3.700000000000000000e+01
1.425947070382761955e+09,6.800000000000000000e+01,3.700000000000000000e+01
1.425947131018692970e+09,6.800000000000000000e+01,3.700000000000000000e+01
1.425947191172259092e+09,6.800000000000000000e+01,3.700000000000000000e+01
1.425947251343682051e+09,6.800000000000000000e+01,3.700000000000000000e+01
1.425947311985523939e+09,6.800000000000000000e+01,3.700000000000000000e+01
1.425947371663521051e+09,6.800000000000000000e+01,3.700000000000000000e+01
1.425947431822175980e+09,6.800000000000000000e+01,3.700000000000000000e+01
1.425947491495652914e+09,6.800000000000000000e+01,3.700000000000000000e+01
1.425947551142596006e+09,6.800000000000000000e+01,3.700000000000000000e+01
1.425947611752481937e+09,6.800000000000000000e+01,3.700000000000000000e+01
1.425947671483647108e+09,6.800000000000000000e+01,3.700000000000000000e+01
1.425947731126821041e+09,6.800000000000000000e+01,3.700000000000000000e+01
1.425947791283364058e+09,6.800000000000000000e+01,3.700000000000000000e+01
1.425947851933707952e+09,6.800000000000000000e+01,3.700000000000000000e+01
1.425947911639964104e+09,6.800000000000000000e+01,3.700000000000000000e+01
1.425947971325475931e+09,6.800000000000000000e+01,3.700000000000000000e+01
1.425948031967056036e+09,6.800000000000000000e+01,3.700000000000000000e+01
1.425948091620579004e+09,6.800000000000000000e+01,3.700000000000000000e+01
1.425948151340265989e+09,6.800000000000000000e+01,3.700000000000000000e+01
1.425948211515568018e+09,6.800000000000000000e+01,3.700000000000000000e+01
1.425948271133920908e+09,6.800000000000000000e+01,3.700000000000000000e+01
1.425948331828028917e+09,6.800000000000000000e+01,3.700000000000000000e+01
1.425948391558301926e+09,6.800000000000000000e+01,3.700000000000000000e+01
1.425948451267347097e+09,6.800000000000000000e+01,3.700000000000000000e+01
1.425948511428473949e+09,6.800000000000000000e+01,3.700000000000000000e+01
1.425948571106585026e+09,6.800000000000000000e+01,3.700000000000000000e+01
1.425948631810331106e+09,6.800000000000000000e+01,3.700000000000000000e+01
1.425948691560703993e+09,6.800000000000000000e+01,3.700000000000000000e+01
1.425948751203922033e+09,6.800000000000000000e+01,3.700000000000000000e+01
1.425948811862066031e+09,6.800000000000000000e+01,3.700000000000000000e+01
1.425948871486885071e+09,6.800000000000000000e+01,3.700000000000000000e+01
1.425948931140552998e+09,6.800000000000000000e+01,3.700000000000000000e+01
1.425948991812866926e+09,6.800000000000000000e+01,3.700000000000000000e+01
1.425949051657212019e+09,6.800000000000000000e+01,3.700000000000000000e+01
1.425949111340256929e+09,6.800000000000000000e+01,3.700000000000000000e+01
1.425949171602941036e+09,6.800000000000000000e+01,3.700000000000000000e+01
1.425949231294022083e+09,6.800000000000000000e+01,3.700000000000000000e+01
1.425949291092632055e+09,6.800000000000000000e+01,3.700000000000000000e+01
1.425949351718485117e+09,6.800000000000000000e+01,3.700000000000000000e+01
1.425949411396138906e+09,6.800000000000000000e+01,3.700000000000000000e+01
1.425949471555597067e+09,6.800000000000000000e+01,3.700000000000000000e+01
1.425949531260879993e+09,6.800000000000000000e+01,3.700000000000000000e+01
1.425949591459079981e+09,6.800000000000000000e+01,3.700000000000000000e+01
1.425949651255441904e+09,6.800000000000000000e+01,3.700000000000000000e+01
1.425949711496639967e+09,6.800000000000000000e+01,3.700000000000000000e+01
1.425949771133900881e+09,6.800000000000000000e+01,3.700000000000000000e+01
1.425949831818459988e+09,6.800000000000000000e+01,3.700000000000000000e+01
1.425949891494117975e+09,6.800000000000000000e+01,3.700000000000000000e+01
1.425949951165548086e+09,6.800000000000000000e+01,3.700000000000000000e+01
1.425950011839782000e+09,6.800000000000000000e+01,3.700000000000000000e+01
1.425950071493426085e+09,6.800000000000000000e+01,3.700000000000000000e+01
1.425950131198084116e+09,6.800000000000000000e+01,3.700000000000000000e+01
1.425950191443662882e+09,6.800000000000000000e+01,3.700000000000000000e+01
1.425950251610799074e+09,6.800000000000000000e+01,3.700000000000000000e+01
1.425950311418946028e+09,6.800000000000000000e+01,3.700000000000000000e+01
1.425950371634074926e+09,6.800000000000000000e+01,3.700000000000000000e+01
1.425950431445620060e+09,6.800000000000000000e+01,3.700000000000000000e+01
1.425950491072102070e+09,6.800000000000000000e+01,3.700000000000000000e+01
1.425950551596158028e+09,6.800000000000000000e+01,3.700000000000000000e+01
1.425950611587182045e+09,6.800000000000000000e+01,3.700000000000000000e+01
1.425950671952790022e+09,6.800000000000000000e+01,3.700000000000000000e+01
1.425950731307298899e+09,6.800000000000000000e+01,3.700000000000000000e+01
1.425950791659691095e+09,6.800000000000000000e+01,3.700000000000000000e+01
1.425950851963478088e+09,6.800000000000000000e+01,3.700000000000000000e+01
1.425950911366554022e+09,6.800000000000000000e+01,3.700000000000000000e+01
1.425950971686146975e+09,6.800000000000000000e+01,3.700000000000000000e+01
1.425951031998960018e+09,6.800000000000000000e+01,3.700000000000000000e+01
1.425951091888598919e+09,6.800000000000000000e+01,3.700000000000000000e+01
1.425951151236537933e+09,6.800000000000000000e+01,3.700000000000000000e+01
1.425951211066047907e+09,6.800000000000000000e+01,3.700000000000000000e+01
1.425951271828119040e+09,6.800000000000000000e+01,3.700000000000000000e+01
1.425951331609733105e+09,6.800000000000000000e+01,3.700000000000000000e+01
1.425951391951837063e+09,6.800000000000000000e+01,3.700000000000000000e+01
1.425951451262929916e+09,6.800000000000000000e+01,3.700000000000000000e+01
1.425951511851548910e+09,6.800000000000000000e+01,3.700000000000000000e+01
1.425951571901870012e+09,6.800000000000000000e+01,3.700000000000000000e+01
1.425951631463294029e+09,6.800000000000000000e+01,3.700000000000000000e+01
1.425951691085186005e+09,6.800000000000000000e+01,3.700000000000000000e+01
1.425951751200521946e+09,6.800000000000000000e+01,3.700000000000000000e+01
1.425951811817537069e+09,6.800000000000000000e+01,3.700000000000000000e+01
1.425951871336245060e+09,6.800000000000000000e+01,3.700000000000000000e+01
1.425951931940397978e+09,6.800000000000000000e+01,3.700000000000000000e+01
1.425951991119461060e+09,6.800000000000000000e+01,3.700000000000000000e+01
1.425952051728873014e+09,6.800000000000000000e+01,3.700000000000000000e+01
1.425952111332123995e+09,6.800000000000000000e+01,3.700000000000000000e+01
1.425952171415487051e+09,6.800000000000000000e+01,3.700000000000000000e+01
1.425952231465531111e+09,6.800000000000000000e+01,3.700000000000000000e+01
1.425952291098858118e+09,6.800000000000000000e+01,3.700000000000000000e+01
1.425952351711704969e+09,6.800000000000000000e+01,3.700000000000000000e+01
1.425952411351469994e+09,6.800000000000000000e+01,3.700000000000000000e+01
1.425952471965167999e+09,6.800000000000000000e+01,3.700000000000000000e+01
1.425952531565824032e+09,6.800000000000000000e+01,3.700000000000000000e+01
1.425952591182938099e+09,6.800000000000000000e+01,3.700000000000000000e+01
1.425952651795553923e+09,6.800000000000000000e+01,3.700000000000000000e+01
1.425952711976613045e+09,6.800000000000000000e+01,3.700000000000000000e+01
1.425952771501174927e+09,6.800000000000000000e+01,3.700000000000000000e+01
1.425952831089669943e+09,6.800000000000000000e+01,3.700000000000000000e+01
1.425952891275631905e+09,6.800000000000000000e+01,3.700000000000000000e+01
1.425952951960783958e+09,6.800000000000000000e+01,3.700000000000000000e+01
1.425953011668534040e+09,6.800000000000000000e+01,3.700000000000000000e+01
1.425953071433329105e+09,6.800000000000000000e+01,3.700000000000000000e+01
1.425953131083879948e+09,6.800000000000000000e+01,3.700000000000000000e+01
1.425953191747905970e+09,6.800000000000000000e+01,3.700000000000000000e+01
1.425953251898998022e+09,6.800000000000000000e+01,3.700000000000000000e+01
1.425953311135546923e+09,6.800000000000000000e+01,3.700000000000000000e+01
1.425953371822705030e+09,6.800000000000000000e+01,3.700000000000000000e+01
1.425953431138072968e+09,6.800000000000000000e+01,3.700000000000000000e+01
1.425953491841206074e+09,6.800000000000000000e+01,3.700000000000000000e+01
1.425953552004935980e+09,6.800000000000000000e+01,3.700000000000000000e+01
1.425953612175229073e+09,6.800000000000000000e+01,3.700000000000000000e+01
1.425953672864334106e+09,6.800000000000000000e+01,3.700000000000000000e+01
1.425953733049670935e+09,6.800000000000000000e+01,3.700000000000000000e+01
1.425953793335964918e+09,6.800000000000000000e+01,3.700000000000000000e+01
1.425953854032141924e+09,6.800000000000000000e+01,3.700000000000000000e+01
1.425953914738730907e+09,6.800000000000000000e+01,3.700000000000000000e+01
1.425953974447041988e+09,6.800000000000000000e+01,3.700000000000000000e+01
1.425954034135190964e+09,6.800000000000000000e+01,3.700000000000000000e+01
1.425954094814305067e+09,6.800000000000000000e+01,3.700000000000000000e+01
1.425954154471901894e+09,6.800000000000000000e+01,3.700000000000000000e+01
1.425954214134535074e+09,6.800000000000000000e+01,3.700000000000000000e+01
1.425954274445530891e+09,6.800000000000000000e+01,3.700000000000000000e+01
1.425954334102339983e+09,6.800000000000000000e+01,3.700000000000000000e+01
1.425954394907610893e+09,6.800000000000000000e+01,3.700000000000000000e+01
1.425954454133971930e+09,6.800000000000000000e+01,3.700000000000000000e+01
1.425954514338742018e+09,6.800000000000000000e+01,3.700000000000000000e+01
1.425954575045618057e+09,6.800000000000000000e+01,3.700000000000000000e+01
1.425954635295605898e+09,6.800000000000000000e+01,3.700000000000000000e+01
1.425954696040507078e+09,6.800000000000000000e+01,3.700000000000000000e+01
1.425954756302134037e+09,6.800000000000000000e+01,3.700000000000000000e+01
1.425954817010268927e+09,6.800000000000000000e+01,3.700000000000000000e+01
1.425954877718075037e+09,6.800000000000000000e+01,3.700000000000000000e+01
1.425954937506700039e+09,6.800000000000000000e+01,3.700000000000000000e+01
1.425954997207585096e+09,6.800000000000000000e+01,3.700000000000000000e+01
1.425955057882046938e+09,6.800000000000000000e+01,3.700000000000000000e+01
1.425955117101615906e+09,6.800000000000000000e+01,3.700000000000000000e+01
1.425955177326397896e+09,6.800000000000000000e+01,3.700000000000000000e+01
1.425955237063448906e+09,6.800000000000000000e+01,3.700000000000000000e+01
1.425955297750750065e+09,6.800000000000000000e+01,3.700000000000000000e+01
1.425955357452617884e+09,6.800000000000000000e+01,3.700000000000000000e+01
1.425955417223572016e+09,6.800000000000000000e+01,3.700000000000000000e+01
1.425955477952931881e+09,6.800000000000000000e+01,3.700000000000000000e+01
1.425955537642954111e+09,6.800000000000000000e+01,3.700000000000000000e+01
1.425955597333966970e+09,6.800000000000000000e+01,3.700000000000000000e+01
1.425955657058161974e+09,6.800000000000000000e+01,3.700000000000000000e+01
1.425955717760170937e+09,6.800000000000000000e+01,3.700000000000000000e+01
1.425955777990840912e+09,6.800000000000000000e+01,3.700000000000000000e+01
1.425955837679768085e+09,6.800000000000000000e+01,3.700000000000000000e+01
1.425955897888041019e+09,6.800000000000000000e+01,3.700000000000000000e+01
1.425955957133909941e+09,6.800000000000000000e+01,3.700000000000000000e+01
1.425956017386616945e+09,6.800000000000000000e+01,3.700000000000000000e+01
1.425956077063195944e+09,6.800000000000000000e+01,3.700000000000000000e+01
1.425956137286005020e+09,6.800000000000000000e+01,3.700000000000000000e+01
1.425956197953241110e+09,6.800000000000000000e+01,3.700000000000000000e+01
1.425956257658380985e+09,6.800000000000000000e+01,3.700000000000000000e+01
1.425956317346014977e+09,6.800000000000000000e+01,3.700000000000000000e+01
1.425956377573102951e+09,6.800000000000000000e+01,3.700000000000000000e+01
1.425956437372387886e+09,6.800000000000000000e+01,3.700000000000000000e+01
1.425956497701823950e+09,6.800000000000000000e+01,3.700000000000000000e+01
1.425956558015566111e+09,6.800000000000000000e+01,3.700000000000000000e+01
1.425956618705033064e+09,6.800000000000000000e+01,3.700000000000000000e+01
1.425956678474510908e+09,6.800000000000000000e+01,3.700000000000000000e+01
1.425956738161207914e+09,6.800000000000000000e+01,3.700000000000000000e+01
1.425956798906291962e+09,6.800000000000000000e+01,3.700000000000000000e+01
1.425956858643035889e+09,6.800000000000000000e+01,3.700000000000000000e+01
1.425956918307950974e+09,6.800000000000000000e+01,3.700000000000000000e+01
1.425956978487763882e+09,6.800000000000000000e+01,3.700000000000000000e+01
1.425957038753701925e+09,6.800000000000000000e+01,3.700000000000000000e+01
1.425957098494271994e+09,6.800000000000000000e+01,3.700000000000000000e+01
1.425957158221038103e+09,6.800000000000000000e+01,3.700000000000000000e+01
1.425957218899202108e+09,6.800000000000000000e+01,3.700000000000000000e+01
1.425957278598251104e+09,6.800000000000000000e+01,3.700000000000000000e+01
1.425957338315690994e+09,6.800000000000000000e+01,3.700000000000000000e+01
1.425957399026233912e+09,6.800000000000000000e+01,3.700000000000000000e+01
1.425957459775666952e+09,6.800000000000000000e+01,3.700000000000000000e+01
1.425957519971074104e+09,6.800000000000000000e+01,3.700000000000000000e+01
1.425957579666666031e+09,6.800000000000000000e+01,3.700000000000000000e+01
1.425957639408502102e+09,6.800000000000000000e+01,3.700000000000000000e+01
1.425957699148401976e+09,6.800000000000000000e+01,3.700000000000000000e+01
1.425957759853363037e+09,6.800000000000000000e+01,3.700000000000000000e+01
1.425957819555654049e+09,6.800000000000000000e+01,3.700000000000000000e+01
1.425957879875929117e+09,6.800000000000000000e+01,3.700000000000000000e+01
1.425957939578635931e+09,6.800000000000000000e+01,3.700000000000000000e+01
1.425957999336731911e+09,6.800000000000000000e+01,3.700000000000000000e+01
1.425958059098263979e+09,6.800000000000000000e+01,3.700000000000000000e+01
1.425958119847892046e+09,6.800000000000000000e+01,3.700000000000000000e+01
1.425958179665987015e+09,6.800000000000000000e+01,3.700000000000000000e+01
1.425958239382533073e+09,6.800000000000000000e+01,3.700000000000000000e+01
1.425958299144315958e+09,6.800000000000000000e+01,3.700000000000000000e+01
1.425958359834873915e+09,6.800000000000000000e+01,3.700000000000000000e+01
1.425958419568766117e+09,6.800000000000000000e+01,3.700000000000000000e+01
1.425958479309437037e+09,6.800000000000000000e+01,3.700000000000000000e+01
1.425958540009704113e+09,6.800000000000000000e+01,3.700000000000000000e+01
1.425958660993818045e+09,6.800000000000000000e+01,3.700000000000000000e+01
1.425958720735182047e+09,6.800000000000000000e+01,3.700000000000000000e+01
1.425958780949265003e+09,6.800000000000000000e+01,3.700000000000000000e+01
1.425958840637144089e+09,6.800000000000000000e+01,3.700000000000000000e+01
1.425958900912214041e+09,6.800000000000000000e+01,3.700000000000000000e+01
1.425958960674609900e+09,6.800000000000000000e+01,3.700000000000000000e+01
1.425959020453874111e+09,6.800000000000000000e+01,3.700000000000000000e+01
1.425959080678555965e+09,6.800000000000000000e+01,3.700000000000000000e+01
1.425959140399734974e+09,6.800000000000000000e+01,3.700000000000000000e+01
1.425959200190759897e+09,6.800000000000000000e+01,3.700000000000000000e+01
1.425959260913526058e+09,6.800000000000000000e+01,3.700000000000000000e+01
1.425959380345489025e+09,6.800000000000000000e+01,3.700000000000000000e+01
1.425959441049547911e+09,6.800000000000000000e+01,3.700000000000000000e+01
1.425959501847927094e+09,6.800000000000000000e+01,3.700000000000000000e+01
1.425959561110539913e+09,6.800000000000000000e+01,3.700000000000000000e+01
1.425959621818392992e+09,6.800000000000000000e+01,3.700000000000000000e+01
1.425959681589132071e+09,6.800000000000000000e+01,3.700000000000000000e+01
1.425959741309329987e+09,6.800000000000000000e+01,3.700000000000000000e+01
1.425959801999767065e+09,6.800000000000000000e+01,3.700000000000000000e+01
1.425959861712764978e+09,6.800000000000000000e+01,3.700000000000000000e+01
1.425959921444658041e+09,6.800000000000000000e+01,3.700000000000000000e+01
1.425959981220789909e+09,6.800000000000000000e+01,3.700000000000000000e+01
