1.425960041817006111e+09,6.800000000000000000e+01,3.700000000000000000e+01
1.425960102019401073e+09,6.800000000000000000e+01,3.700000000000000000e+01
1.425960162460915089e+09,6.800000000000000000e+01,3.700000000000000000e+01
1.425960223037394047e+09,6.800000000000000000e+01,3.700000000000000000e+01
1.425960283383194923e+09,6.800000000000000000e+01,3.700000000000000000e+01
1.425960343899287939e+09,6.800000000000000000e+01,3.700000000000000000e+01
1.425960403723457098e+09,6.800000000000000000e+01,3.700000000000000000e+01
1.425960463446904898e+09,6.800000000000000000e+01,3.700000000000000000e+01
1.425960523830687046e+09,6.800000000000000000e+01,3.700000000000000000e+01
1.425960583460190058e+09,6.800000000000000000e+01,3.700000000000000000e+01
1.425960643570436001e+09,6.800000000000000000e+01,3.700000000000000000e+01
1.425960703317662001e+09,6.800000000000000000e+01,3.700000000000000000e+01
1.425960823205311060e+09,6.800000000000000000e+01,3.700000000000000000e+01
1.425960883295639038e+09,6.800000000000000000e+01,3.700000000000000000e+01
1.425960943921670914e+09,6.800000000000000000e+01,3.700000000000000000e+01
1.425961003158917904e+09,6.800000000000000000e+01,3.700000000000000000e+01
1.425961063820229053e+09,6.800000000000000000e+01,3.700000000000000000e+01
1.425961123539511919e+09,6.800000000000000000e+01,3.700000000000000000e+01
1.425961183248999119e+09,6.800000000000000000e+01,3.700000000000000000e+01
1.425961244003472090e+09,6.800000000000000000e+01,3.700000000000000000e+01
1.425961304828789949e+09,6.800000000000000000e+01,3.700000000000000000e+01
1.425961364580063105e+09,6.800000000000000000e+01,3.700000000000000000e+01
1.425961424974848032e+09,6.800000000000000000e+01,3.700000000000000000e+01
1.425961484864624023e+09,6.800000000000000000e+01,3.700000000000000000e+01
1.425961544721371889e+09,6.800000000000000000e+01,3.700000000000000000e+01
1.425961604651449919e+09,6.800000000000000000e+01,3.700000000000000000e+01
1.425961664301764011e+09,6.800000000000000000e+01,3.700000000000000000e+01
1.425961724448954105e+09,6.800000000000000000e+01,3.700000000000000000e+01
1.425961784690099001e+09,6.800000000000000000e+01,3.700000000000000000e+01
1.425961844472572088e+09,6.800000000000000000e+01,3.700000000000000000e+01
1.425961904750283957e+09,6.800000000000000000e+01,3.700000000000000000e+01
1.425961964493983984e+09,6.800000000000000000e+01,3.700000000000000000e+01
1.425962024233952045e+09,6.800000000000000000e+01,3.700000000000000000e+01
1.425962085039632082e+09,6.800000000000000000e+01,3.700000000000000000e+01
1.425962145868056059e+09,6.800000000000000000e+01,3.700000000000000000e+01
1.425962205197504997e+09,6.800000000000000000e+01,3.700000000000000000e+01
1.425962265099136114e+09,6.800000000000000000e+01,3.700000000000000000e+01
1.425962325980695963e+09,6.800000000000000000e+01,3.700000000000000000e+01
1.425962385982811928e+09,6.800000000000000000e+01,3.700000000000000000e+01
1.425962445481183052e+09,6.800000000000000000e+01,3.700000000000000000e+01
1.425962505476876020e+09,6.800000000000000000e+01,3.700000000000000000e+01
1.425962565453170061e+09,6.800000000000000000e+01,3.700000000000000000e+01
1.425962625955565929e+09,6.800000000000000000e+01,3.700000000000000000e+01
1.425962685095033884e+09,6.800000000000000000e+01,3.700000000000000000e+01
1.425962745729276896e+09,6.800000000000000000e+01,3.700000000000000000e+01
1.425962805872925043e+09,6.800000000000000000e+01,3.700000000000000000e+01
1.425962925608242989e+09,6.800000000000000000e+01,3.700000000000000000e+01
1.425963045516119003e+09,6.800000000000000000e+01,3.700000000000000000e+01
1.425963105800246000e+09,6.800000000000000000e+01,3.700000000000000000e+01
1.425963225339051962e+09,6.800000000000000000e+01,3.700000000000000000e+01
1.425963285166826010e+09,6.800000000000000000e+01,3.700000000000000000e+01
1.425963345545572996e+09,6.800000000000000000e+01,3.700000000000000000e+01
1.425963405452996016e+09,6.800000000000000000e+01,3.700000000000000000e+01
1.425963465435096979e+09,6.800000000000000000e+01,3.700000000000000000e+01
1.425963525388727903e+09,6.800000000000000000e+01,3.700000000000000000e+01
1.425963585884308100e+09,6.800000000000000000e+01,3.700000000000000000e+01
1.425963645805454969e+09,6.800000000000000000e+01,3.700000000000000000e+01
1.425963765383977890e+09,6.800000000000000000e+01,3.700000000000000000e+01
1.425963825848366976e+09,6.800000000000000000e+01,3.700000000000000000e+01
1.425963885843206882e+09,6.800000000000000000e+01,3.700000000000000000e+01
1.425963945779181004e+09,6.800000000000000000e+01,3.700000000000000000e+01
1.425964005607258081e+09,6.800000000000000000e+01,3.700000000000000000e+01
1.425964066008939028e+09,6.800000000000000000e+01,3.600000000000000000e+01
1.425964126893359900e+09,6.800000000000000000e+01,3.700000000000000000e+01
1.425964186275623083e+09,6.800000000000000000e+01,3.700000000000000000e+01
1.425964246146068096e+09,6.800000000000000000e+01,3.700000000000000000e+01
1.425964306979706049e+09,6.800000000000000000e+01,3.700000000000000000e+01
1.425964366887388945e+09,6.800000000000000000e+01,3.700000000000000000e+01
1.425964486963850021e+09,6.800000000000000000e+01,3.700000000000000000e+01
1.425964546867295027e+09,6.800000000000000000e+01,3.700000000000000000e+01
1.425964606926098108e+09,6.800000000000000000e+01,3.700000000000000000e+01
1.425964666890176058e+09,6.800000000000000000e+01,3.700000000000000000e+01
1.425964726435945034e+09,6.800000000000000000e+01,3.700000000000000000e+01
1.425964786981118917e+09,6.800000000000000000e+01,3.700000000000000000e+01
1.425964846950045109e+09,6.800000000000000000e+01,3.700000000000000000e+01
1.425964906432786942e+09,6.800000000000000000e+01,3.700000000000000000e+01
1.425964966492767096e+09,6.800000000000000000e+01,3.700000000000000000e+01
1.425965026491225004e+09,6.800000000000000000e+01,3.700000000000000000e+01
1.425965086487206936e+09,6.800000000000000000e+01,3.700000000000000000e+01
1.425965146572567940e+09,6.800000000000000000e+01,3.700000000000000000e+01
1.425965266341042042e+09,6.800000000000000000e+01,3.700000000000000000e+01
1.425965326516407013e+09,6.800000000000000000e+01,3.700000000000000000e+01
1.425965386726809025e+09,6.800000000000000000e+01,3.700000000000000000e+01
1.425965446883667946e+09,6.800000000000000000e+01,3.700000000000000000e+01
1.425965507014606953e+09,6.800000000000000000e+01,3.700000000000000000e+01
1.425965567725589037e+09,6.800000000000000000e+01,3.700000000000000000e+01
1.425965627415666103e+09,6.800000000000000000e+01,3.700000000000000000e+01
1.425965687643862009e+09,6.800000000000000000e+01,3.700000000000000000e+01
1.425965747864424944e+09,6.800000000000000000e+01,3.700000000000000000e+01
1.425965807122751951e+09,6.800000000000000000e+01,3.700000000000000000e+01
1.425965867329250097e+09,6.800000000000000000e+01,3.700000000000000000e+01
1.425965927578727961e+09,6.800000000000000000e+01,3.700000000000000000e+01
1.425965987860343933e+09,6.800000000000000000e+01,3.700000000000000000e+01
1.425966047678714037e+09,6.800000000000000000e+01,3.700000000000000000e+01
1.425966108031094074e+09,6.800000000000000000e+01,3.700000000000000000e+01
1.425966168045521975e+09,6.800000000000000000e+01,3.700000000000000000e+01
1.425966288171132088e+09,6.800000000000000000e+01,3.700000000000000000e+01
1.425966348747225046e+09,6.800000000000000000e+01,3.700000000000000000e+01
1.425966408332796097e+09,6.800000000000000000e+01,3.700000000000000000e+01
1.425966468341253996e+09,6.800000000000000000e+01,3.700000000000000000e+01
1.425966528389405012e+09,6.800000000000000000e+01,3.700000000000000000e+01
1.425966588936768055e+09,6.800000000000000000e+01,3.700000000000000000e+01
1.425966648952967882e+09,6.800000000000000000e+01,3.700000000000000000e+01
1.425966768099073887e+09,6.800000000000000000e+01,3.700000000000000000e+01
1.425966888247101068e+09,6.800000000000000000e+01,3.700000000000000000e+01
1.425966948363933086e+09,6.800000000000000000e+01,3.700000000000000000e+01
1.425967008120920897e+09,6.800000000000000000e+01,3.700000000000000000e+01
1.425967128433609009e+09,6.800000000000000000e+01,3.700000000000000000e+01
1.425967188137469053e+09,6.800000000000000000e+01,3.700000000000000000e+01
1.425967308474850893e+09,6.800000000000000000e+01,3.700000000000000000e+01
1.425967368696373940e+09,6.800000000000000000e+01,3.700000000000000000e+01
1.425967489005712032e+09,6.800000000000000000e+01,3.700000000000000000e+01
1.425967609361083031e+09,6.800000000000000000e+01,3.700000000000000000e+01
1.425967669585731983e+09,6.800000000000000000e+01,3.700000000000000000e+01
1.425967729825884104e+09,6.800000000000000000e+01,3.700000000000000000e+01
1.425967789135974884e+09,6.800000000000000000e+01,3.700000000000000000e+01
1.425967849465847969e+09,6.800000000000000000e+01,3.700000000000000000e+01
1.425967909545602083e+09,6.800000000000000000e+01,3.700000000000000000e+01
1.425967969611783028e+09,6.800000000000000000e+01,3.700000000000000000e+01
1.425968029688628912e+09,6.800000000000000000e+01,3.700000000000000000e+01
1.425968089840945005e+09,6.800000000000000000e+01,3.700000000000000000e+01
1.425968149889035940e+09,6.800000000000000000e+01,3.700000000000000000e+01
1.425968209936670065e+09,6.800000000000000000e+01,3.700000000000000000e+01
1.425968269988679886e+09,6.800000000000000000e+01,3.700000000000000000e+01
1.425968329092065096e+09,6.800000000000000000e+01,3.700000000000000000e+01
1.425968389688314915e+09,6.800000000000000000e+01,3.700000000000000000e+01
1.425968449716590881e+09,6.800000000000000000e+01,3.700000000000000000e+01
1.425968509813254118e+09,6.800000000000000000e+01,3.700000000000000000e+01
1.425968569868221998e+09,6.800000000000000000e+01,3.700000000000000000e+01
1.425968690045602083e+09,6.800000000000000000e+01,3.700000000000000000e+01
1.425968750867191076e+09,6.800000000000000000e+01,3.700000000000000000e+01
1.425968810099188089e+09,6.800000000000000000e+01,3.700000000000000000e+01
1.425968870367206097e+09,6.800000000000000000e+01,3.700000000000000000e+01
1.425968930591166019e+09,6.800000000000000000e+01,3.700000000000000000e+01
1.425969050433772087e+09,6.800000000000000000e+01,3.700000000000000000e+01
1.425969110624725103e+09,6.800000000000000000e+01,3.700000000000000000e+01
1.425969170494776011e+09,6.800000000000000000e+01,3.700000000000000000e+01
1.425969230300832987e+09,6.800000000000000000e+01,3.700000000000000000e+01
1.425969290133909941e+09,6.800000000000000000e+01,3.700000000000000000e+01
1.425969410602689028e+09,6.800000000000000000e+01,3.700000000000000000e+01
1.425969470422092915e+09,6.800000000000000000e+01,3.700000000000000000e+01
1.425969530777018070e+09,6.800000000000000000e+01,3.700000000000000000e+01
1.425969590595556974e+09,6.800000000000000000e+01,3.700000000000000000e+01
1.425969650340094090e+09,6.800000000000000000e+01,3.700000000000000000e+01
1.425969710137710094e+09,6.800000000000000000e+01,3.700000000000000000e+01
1.425969830100488901e+09,6.800000000000000000e+01,3.700000000000000000e+01
1.425969890889283895e+09,6.800000000000000000e+01,3.700000000000000000e+01
1.425970010873379946e+09,6.800000000000000000e+01,3.700000000000000000e+01
1.425970070795521975e+09,6.800000000000000000e+01,3.700000000000000000e+01
1.425970130690391064e+09,6.800000000000000000e+01,3.700000000000000000e+01
1.425970190578669071e+09,6.800000000000000000e+01,3.700000000000000000e+01
1.425970250461060047e+09,6.800000000000000000e+01,3.700000000000000000e+01
1.425970310318109035e+09,6.800000000000000000e+01,3.700000000000000000e+01
1.425970370719559908e+09,6.800000000000000000e+01,3.700000000000000000e+01
1.425970490807964087e+09,6.800000000000000000e+01,3.700000000000000000e+01
1.425970550738141060e+09,6.800000000000000000e+01,3.700000000000000000e+01
1.425970610687686920e+09,6.800000000000000000e+01,3.700000000000000000e+01
1.425970670575579882e+09,6.800000000000000000e+01,3.700000000000000000e+01
1.425970790606374979e+09,6.800000000000000000e+01,3.700000000000000000e+01
1.425970910116043091e+09,6.800000000000000000e+01,3.700000000000000000e+01
1.425970970075944901e+09,6.800000000000000000e+01,3.700000000000000000e+01
1.425971030995517969e+09,6.800000000000000000e+01,3.700000000000000000e+01
1.425971090924583912e+09,6.800000000000000000e+01,3.700000000000000000e+01
1.425971210410446882e+09,6.800000000000000000e+01,3.700000000000000000e+01
1.425971270856528044e+09,6.800000000000000000e+01,3.700000000000000000e+01
1.425971330795535088e+09,6.800000000000000000e+01,3.700000000000000000e+01
1.425971450312438011e+09,6.800000000000000000e+01,3.700000000000000000e+01
1.425971510275871038e+09,6.800000000000000000e+01,3.700000000000000000e+01
1.425971570768903017e+09,6.800000000000000000e+01,3.700000000000000000e+01
1.425971630734261990e+09,6.800000000000000000e+01,3.700000000000000000e+01
1.425971750286185026e+09,6.800000000000000000e+01,3.700000000000000000e+01
1.425971810868221045e+09,6.800000000000000000e+01,3.700000000000000000e+01
1.425971870863234997e+09,6.800000000000000000e+01,3.700000000000000000e+01
1.425971930881105900e+09,6.800000000000000000e+01,3.700000000000000000e+01
1.425971990922036886e+09,6.800000000000000000e+01,3.700000000000000000e+01
1.425972050942580938e+09,6.800000000000000000e+01,3.700000000000000000e+01
1.425972170543081045e+09,6.800000000000000000e+01,3.700000000000000000e+01
1.425972290876473904e+09,6.800000000000000000e+01,3.700000000000000000e+01
1.425972350973201990e+09,6.800000000000000000e+01,3.700000000000000000e+01
1.425972411017235994e+09,6.800000000000000000e+01,3.700000000000000000e+01
1.425972531667867899e+09,6.800000000000000000e+01,3.700000000000000000e+01
1.425972591748913050e+09,6.800000000000000000e+01,3.700000000000000000e+01
1.425972711415685892e+09,6.800000000000000000e+01,3.700000000000000000e+01
1.425972771515938044e+09,6.800000000000000000e+01,3.700000000000000000e+01
1.425972831597682953e+09,6.800000000000000000e+01,3.700000000000000000e+01
1.425972891677758932e+09,6.800000000000000000e+01,3.700000000000000000e+01
1.425972951758416891e+09,6.800000000000000000e+01,3.700000000000000000e+01
1.425973011883502007e+09,6.800000000000000000e+01,3.700000000000000000e+01
1.425973072004297018e+09,6.800000000000000000e+01,3.700000000000000000e+01
1.425973132108908892e+09,6.800000000000000000e+01,3.700000000000000000e+01
1.425973252808075905e+09,6.800000000000000000e+01,3.700000000000000000e+01
1.425973372440519094e+09,6.800000000000000000e+01,3.700000000000000000e+01
1.425973492640188932e+09,6.800000000000000000e+01,3.700000000000000000e+01
1.425973612863691092e+09,6.800000000000000000e+01,3.700000000000000000e+01
1.425973732121891975e+09,6.800000000000000000e+01,3.700000000000000000e+01
1.425973852438375950e+09,6.800000000000000000e+01,3.700000000000000000e+01
1.425973912686922073e+09,6.800000000000000000e+01,3.700000000000000000e+01
1.425974032491627932e+09,6.800000000000000000e+01,3.700000000000000000e+01
1.425974092739497900e+09,6.800000000000000000e+01,3.700000000000000000e+01
1.425974212117516994e+09,6.800000000000000000e+01,3.700000000000000000e+01
1.425974272386837006e+09,6.800000000000000000e+01,3.700000000000000000e+01
1.425974332614343882e+09,6.800000000000000000e+01,3.700000000000000000e+01
1.425974392876343966e+09,6.800000000000000000e+01,3.700000000000000000e+01
1.425974512192481041e+09,6.800000000000000000e+01,3.700000000000000000e+01
1.425974633045717955e+09,6.800000000000000000e+01,3.700000000000000000e+01
1.425974753323954105e+09,6.800000000000000000e+01,3.700000000000000000e+01
1.425974873133996010e+09,6.800000000000000000e+01,3.700000000000000000e+01
1.425974993468094110e+09,6.800000000000000000e+01,3.700000000000000000e+01
1.425975113331199884e+09,6.800000000000000000e+01,3.700000000000000000e+01
1.425975233639127970e+09,6.800000000000000000e+01,3.700000000000000000e+01
1.425975353985034943e+09,6.800000000000000000e+01,3.700000000000000000e+01
1.425975473385524035e+09,6.800000000000000000e+01,3.700000000000000000e+01
1.425975593761598110e+09,6.800000000000000000e+01,3.700000000000000000e+01
1.425975713961932898e+09,6.800000000000000000e+01,3.700000000000000000e+01
1.425975833083771944e+09,6.800000000000000000e+01,3.700000000000000000e+01
1.425975953186893940e+09,6.800000000000000000e+01,3.700000000000000000e+01
1.425976073335566044e+09,6.800000000000000000e+01,3.700000000000000000e+01
1.425976193516011000e+09,6.800000000000000000e+01,3.700000000000000000e+01
1.425976313226978064e+09,6.800000000000000000e+01,3.700000000000000000e+01
1.425976433384592056e+09,6.900000000000000000e+01,3.600000000000000000e+01
1.425976553153356075e+09,6.900000000000000000e+01,3.600000000000000000e+01
1.425976673903923035e+09,6.900000000000000000e+01,3.600000000000000000e+01
1.425976793579041004e+09,6.900000000000000000e+01,3.600000000000000000e+01
1.425976913302978992e+09,6.900000000000000000e+01,3.600000000000000000e+01
1.425977033552083015e+09,6.900000000000000000e+01,3.600000000000000000e+01
1.425977153755187988e+09,6.900000000000000000e+01,3.600000000000000000e+01
1.425977274045557022e+09,6.900000000000000000e+01,3.600000000000000000e+01
1.425977394896804094e+09,6.900000000000000000e+01,3.600000000000000000e+01
1.425977514803174973e+09,6.900000000000000000e+01,3.600000000000000000e+01
1.425977634114773035e+09,6.900000000000000000e+01,3.600000000000000000e+01
1.425977754468317986e+09,6.900000000000000000e+01,3.600000000000000000e+01
1.425977874828231096e+09,6.900000000000000000e+01,3.600000000000000000e+01
1.425977994662676096e+09,6.900000000000000000e+01,3.600000000000000000e+01
1.425978114557846069e+09,6.900000000000000000e+01,3.600000000000000000e+01
1.425978234496391058e+09,6.900000000000000000e+01,3.600000000000000000e+01
1.425978354385870934e+09,6.900000000000000000e+01,3.600000000000000000e+01
1.425978474329592943e+09,6.900000000000000000e+01,3.600000000000000000e+01
1.425978594758272886e+09,6.900000000000000000e+01,3.600000000000000000e+01
1.425978714631989002e+09,6.900000000000000000e+01,3.600000000000000000e+01
1.425978834638662100e+09,6.900000000000000000e+01,3.600000000000000000e+01
1.425978954545577049e+09,6.900000000000000000e+01,3.600000000000000000e+01
1.425979074140496969e+09,6.900000000000000000e+01,3.600000000000000000e+01
1.425979195007879972e+09,7.100000000000000000e+01,3.600000000000000000e+01
1.425979316065834045e+09,7.100000000000000000e+01,3.600000000000000000e+01
1.425979436094707012e+09,7.100000000000000000e+01,3.600000000000000000e+01
1.425979556129106998e+09,7.100000000000000000e+01,3.600000000000000000e+01
1.425979676122390032e+09,7.100000000000000000e+01,3.600000000000000000e+01
1.425979796653740883e+09,7.100000000000000000e+01,3.600000000000000000e+01
1.425979916639719963e+09,7.100000000000000000e+01,3.600000000000000000e+01
1.425980036706108093e+09,7.100000000000000000e+01,3.600000000000000000e+01
1.425980156741797924e+09,7.100000000000000000e+01,3.600000000000000000e+01
1.425980276835891008e+09,7.100000000000000000e+01,3.600000000000000000e+01
1.425980396829472065e+09,7.100000000000000000e+01,3.600000000000000000e+01
1.425980516388526917e+09,7.100000000000000000e+01,3.600000000000000000e+01
1.425980636433254004e+09,7.100000000000000000e+01,3.600000000000000000e+01
1.425980756948681116e+09,7.100000000000000000e+01,3.600000000000000000e+01
1.425980877000329971e+09,7.100000000000000000e+01,3.600000000000000000e+01
1.425980998076060057e+09,6.900000000000000000e+01,3.600000000000000000e+01
1.425981118133919954e+09,6.900000000000000000e+01,3.600000000000000000e+01
1.425981238134845018e+09,6.900000000000000000e+01,3.600000000000000000e+01
1.425981358163266897e+09,6.900000000000000000e+01,3.600000000000000000e+01
1.425981478216674089e+09,7.100000000000000000e+01,3.600000000000000000e+01
1.425981598244914055e+09,7.100000000000000000e+01,3.600000000000000000e+01
1.425981718220885038e+09,7.100000000000000000e+01,3.600000000000000000e+01
1.425981838867274046e+09,7.100000000000000000e+01,3.600000000000000000e+01
1.425981959000287056e+09,7.100000000000000000e+01,3.600000000000000000e+01
1.425982080081681967e+09,7.100000000000000000e+01,3.600000000000000000e+01
1.425982140142560959e+09,7.100000000000000000e+01,3.600000000000000000e+01
1.425982200200738907e+09,7.100000000000000000e+01,3.600000000000000000e+01
1.425982260317449093e+09,7.100000000000000000e+01,3.600000000000000000e+01
1.425982320847973108e+09,7.100000000000000000e+01,3.600000000000000000e+01
1.425982380462492943e+09,7.100000000000000000e+01,3.600000000000000000e+01
1.425982440564152956e+09,7.100000000000000000e+01,3.600000000000000000e+01
1.425982500616332054e+09,7.100000000000000000e+01,3.600000000000000000e+01
1.425982560229898930e+09,7.100000000000000000e+01,3.600000000000000000e+01
1.425982620325654030e+09,7.100000000000000000e+01,3.600000000000000000e+01
1.425982680520649910e+09,7.100000000000000000e+01,3.600000000000000000e+01
1.425982740632500887e+09,7.100000000000000000e+01,3.600000000000000000e+01
1.425982800717504978e+09,7.100000000000000000e+01,3.600000000000000000e+01
1.425982860839340925e+09,7.100000000000000000e+01,3.600000000000000000e+01
1.425982920889286995e+09,7.100000000000000000e+01,3.600000000000000000e+01
1.425982980435511112e+09,7.100000000000000000e+01,3.600000000000000000e+01
1.425983041015568018e+09,7.100000000000000000e+01,3.600000000000000000e+01
1.425983101061886072e+09,7.100000000000000000e+01,3.600000000000000000e+01
1.425983161843051910e+09,7.100000000000000000e+01,3.600000000000000000e+01
1.425983221900930882e+09,7.100000000000000000e+01,3.600000000000000000e+01
1.425983281977180958e+09,7.100000000000000000e+01,3.600000000000000000e+01
1.425983341082782984e+09,7.100000000000000000e+01,3.600000000000000000e+01
1.425983401177087069e+09,7.100000000000000000e+01,3.600000000000000000e+01
1.425983461264879942e+09,7.100000000000000000e+01,3.600000000000000000e+01
1.425983521321841955e+09,7.100000000000000000e+01,3.600000000000000000e+01
1.425983581386018991e+09,7.100000000000000000e+01,3.600000000000000000e+01
1.425983641439237118e+09,7.100000000000000000e+01,3.600000000000000000e+01
1.425983701515531063e+09,7.100000000000000000e+01,3.600000000000000000e+01
1.425983761567575932e+09,7.100000000000000000e+01,3.600000000000000000e+01
1.425983821158469915e+09,7.100000000000000000e+01,3.600000000000000000e+01
1.425983881176800966e+09,7.100000000000000000e+01,3.600000000000000000e+01
1.425983941251209021e+09,7.100000000000000000e+01,3.600000000000000000e+01
1.425984001299895048e+09,7.100000000000000000e+01,3.600000000000000000e+01
1.425984061429657936e+09,7.100000000000000000e+01,3.600000000000000000e+01
1.425984121499125957e+09,7.100000000000000000e+01,3.600000000000000000e+01
1.425984181658499002e+09,7.100000000000000000e+01,3.600000000000000000e+01
1.425984241739995003e+09,7.100000000000000000e+01,3.600000000000000000e+01
1.425984301806226015e+09,7.100000000000000000e+01,3.600000000000000000e+01
1.425984361512128115e+09,7.100000000000000000e+01,3.600000000000000000e+01
1.425984421599556923e+09,7.100000000000000000e+01,3.600000000000000000e+01
1.425984481707756042e+09,7.100000000000000000e+01,3.600000000000000000e+01
1.425984541386657000e+09,7.100000000000000000e+01,3.600000000000000000e+01
1.425984601537421942e+09,7.100000000000000000e+01,3.600000000000000000e+01
1.425984661167994976e+09,7.100000000000000000e+01,3.600000000000000000e+01
1.425984721279840946e+09,7.100000000000000000e+01,3.600000000000000000e+01
1.425984781329022884e+09,7.100000000000000000e+01,3.600000000000000000e+01
1.425984841475573063e+09,7.100000000000000000e+01,3.600000000000000000e+01
1.425984901555650949e+09,7.100000000000000000e+01,3.600000000000000000e+01
1.425984961699254036e+09,7.100000000000000000e+01,3.600000000000000000e+01
1.425985021367592096e+09,7.100000000000000000e+01,3.600000000000000000e+01
1.425985081427088976e+09,7.100000000000000000e+01,3.600000000000000000e+01
1.425985141541958094e+09,7.100000000000000000e+01,3.600000000000000000e+01
1.425985201657269001e+09,7.100000000000000000e+01,3.600000000000000000e+01
1.425985261846956968e+09,7.100000000000000000e+01,3.600000000000000000e+01
1.425985321624461889e+09,7.100000000000000000e+01,3.600000000000000000e+01
1.425985381310859919e+09,7.100000000000000000e+01,3.600000000000000000e+01
1.425985441488019943e+09,7.100000000000000000e+01,3.600000000000000000e+01
1.425985501200839996e+09,7.100000000000000000e+01,3.600000000000000000e+01
1.425985561355192900e+09,7.100000000000000000e+01,3.600000000000000000e+01
1.425985621600750923e+09,7.100000000000000000e+01,3.600000000000000000e+01
1.425985681824810982e+09,7.100000000000000000e+01,3.600000000000000000e+01
1.425985741050523043e+09,7.100000000000000000e+01,3.600000000000000000e+01
1.425985801213170052e+09,7.100000000000000000e+01,3.600000000000000000e+01
1.425985861880841970e+09,7.100000000000000000e+01,3.600000000000000000e+01
1.425985921103522062e+09,7.100000000000000000e+01,3.600000000000000000e+01
1.425985981320148945e+09,7.100000000000000000e+01,3.600000000000000000e+01
1.425986041524833918e+09,7.100000000000000000e+01,3.600000000000000000e+01
1.425986101785636902e+09,7.100000000000000000e+01,3.600000000000000000e+01
1.425986161099643946e+09,7.100000000000000000e+01,3.600000000000000000e+01
1.425986221353946924e+09,7.100000000000000000e+01,3.600000000000000000e+01
1.425986281646101952e+09,7.100000000000000000e+01,3.600000000000000000e+01
1.425986341891757965e+09,7.100000000000000000e+01,3.600000000000000000e+01
1.425986401152818918e+09,7.100000000000000000e+01,3.600000000000000000e+01
1.425986461391516924e+09,7.100000000000000000e+01,3.600000000000000000e+01
1.425986521188172102e+09,7.100000000000000000e+01,3.600000000000000000e+01
1.425986581458415985e+09,7.100000000000000000e+01,3.600000000000000000e+01
1.425986641658571005e+09,7.100000000000000000e+01,3.600000000000000000e+01
1.425986701489543915e+09,7.100000000000000000e+01,3.600000000000000000e+01
1.425986761706697941e+09,7.100000000000000000e+01,3.600000000000000000e+01
1.425986821949909925e+09,7.100000000000000000e+01,3.600000000000000000e+01
1.425986881759918928e+09,7.100000000000000000e+01,3.600000000000000000e+01
1.425986942011152029e+09,7.100000000000000000e+01,3.600000000000000000e+01
1.425987002296027899e+09,7.100000000000000000e+01,3.600000000000000000e+01
1.425987062535326958e+09,7.100000000000000000e+01,3.600000000000000000e+01
1.425987122895819902e+09,7.100000000000000000e+01,3.600000000000000000e+01
1.425987182153078079e+09,7.100000000000000000e+01,3.600000000000000000e+01
1.425987242416253090e+09,7.100000000000000000e+01,3.600000000000000000e+01
1.425987302613828897e+09,7.100000000000000000e+01,3.600000000000000000e+01
1.425987362897756100e+09,7.100000000000000000e+01,3.600000000000000000e+01
1.425987422135427952e+09,7.100000000000000000e+01,3.600000000000000000e+01
1.425987482943926096e+09,7.100000000000000000e+01,3.600000000000000000e+01
1.425987542214524984e+09,7.100000000000000000e+01,3.600000000000000000e+01
1.425987602483928919e+09,7.100000000000000000e+01,3.600000000000000000e+01
1.425987662748092890e+09,7.100000000000000000e+01,3.600000000000000000e+01
1.425987723036196947e+09,7.100000000000000000e+01,3.600000000000000000e+01
1.425987783341844082e+09,7.100000000000000000e+01,3.600000000000000000e+01
1.425987843613502026e+09,7.100000000000000000e+01,3.600000000000000000e+01
1.425987903385938883e+09,7.100000000000000000e+01,3.600000000000000000e+01
1.425987963230830908e+09,7.100000000000000000e+01,3.600000000000000000e+01
1.425988023465781927e+09,7.100000000000000000e+01,3.600000000000000000e+01
1.425988083305336952e+09,7.100000000000000000e+01,3.600000000000000000e+01
1.425988143210722923e+09,7.100000000000000000e+01,3.600000000000000000e+01
1.425988203492180109e+09,7.100000000000000000e+01,3.600000000000000000e+01
1.425988263738042116e+09,7.100000000000000000e+01,3.600000000000000000e+01
1.425988324002388954e+09,7.100000000000000000e+01,3.600000000000000000e+01
1.425988384236092091e+09,7.100000000000000000e+01,3.600000000000000000e+01
1.425988444045593977e+09,7.100000000000000000e+01,3.600000000000000000e+01
1.425988504298250914e+09,7.100000000000000000e+01,3.600000000000000000e+01
1.425988564125106096e+09,7.100000000000000000e+01,3.600000000000000000e+01
1.425988624453579903e+09,7.100000000000000000e+01,3.600000000000000000e+01
1.425988684322561026e+09,7.100000000000000000e+01,3.600000000000000000e+01
1.425988744695173979e+09,7.100000000000000000e+01,3.600000000000000000e+01
1.425988804960755110e+09,7.100000000000000000e+01,3.600000000000000000e+01
1.425988864448682070e+09,7.100000000000000000e+01,3.600000000000000000e+01
1.425988924795594931e+09,7.100000000000000000e+01,3.600000000000000000e+01
1.425988984118129969e+09,7.100000000000000000e+01,3.600000000000000000e+01
1.425989044517766953e+09,7.100000000000000000e+01,3.600000000000000000e+01
1.425989104857592106e+09,7.100000000000000000e+01,3.600000000000000000e+01
1.425989164779886961e+09,6.900000000000000000e+01,3.600000000000000000e+01
1.425989224731623888e+09,6.900000000000000000e+01,3.600000000000000000e+01
1.425989284656990051e+09,6.900000000000000000e+01,3.600000000000000000e+01
1.425989344621193886e+09,6.900000000000000000e+01,3.600000000000000000e+01
1.425989404505482912e+09,6.900000000000000000e+01,3.600000000000000000e+01
1.425989464928899050e+09,6.900000000000000000e+01,3.600000000000000000e+01
1.425989524841098070e+09,6.900000000000000000e+01,3.600000000000000000e+01
1.425989584277116060e+09,6.900000000000000000e+01,3.600000000000000000e+01
1.425989644180325031e+09,6.900000000000000000e+01,3.600000000000000000e+01
1.425989704545550108e+09,6.900000000000000000e+01,3.600000000000000000e+01
1.425989764918508053e+09,6.900000000000000000e+01,3.600000000000000000e+01
1.425989824243875027e+09,6.900000000000000000e+01,3.600000000000000000e+01
1.425989884605967999e+09,6.900000000000000000e+01,3.600000000000000000e+01
1.425989944990953922e+09,6.900000000000000000e+01,3.600000000000000000e+01
1.425990004356416941e+09,6.900000000000000000e+01,3.600000000000000000e+01
1.425990064748756886e+09,6.900000000000000000e+01,3.600000000000000000e+01
1.425990124756181955e+09,6.900000000000000000e+01,3.600000000000000000e+01
1.425990184097336054e+09,6.800000000000000000e+01,3.700000000000000000e+01
1.425990244471707106e+09,6.800000000000000000e+01,3.700000000000000000e+01
1.425990304397358894e+09,6.800000000000000000e+01,3.700000000000000000e+01
1.425990364825417042e+09,6.800000000000000000e+01,3.700000000000000000e+01
1.425990424230113983e+09,6.800000000000000000e+01,3.700000000000000000e+01
1.425990484684459925e+09,6.800000000000000000e+01,3.700000000000000000e+01
1.425990544151325941e+09,6.800000000000000000e+01,3.700000000000000000e+01
1.425990604570605040e+09,6.800000000000000000e+01,3.700000000000000000e+01
1.425990664960637093e+09,6.800000000000000000e+01,3.700000000000000000e+01
1.425990724433464050e+09,6.800000000000000000e+01,3.700000000000000000e+01
1.425990784860655069e+09,6.800000000000000000e+01,3.700000000000000000e+01
1.425990844301723003e+09,6.800000000000000000e+01,3.700000000000000000e+01
1.425990904260080099e+09,6.800000000000000000e+01,3.700000000000000000e+01
1.425990964235666990e+09,6.800000000000000000e+01,3.700000000000000000e+01
1.425991024742083073e+09,6.800000000000000000e+01,3.700000000000000000e+01
1.425991084190223932e+09,6.800000000000000000e+01,3.700000000000000000e+01
1.425991144133923054e+09,6.800000000000000000e+01,3.700000000000000000e+01
1.425991204626408100e+09,6.800000000000000000e+01,3.700000000000000000e+01
1.425991264579679012e+09,6.800000000000000000e+01,3.700000000000000000e+01
1.425991324133965969e+09,6.800000000000000000e+01,3.700000000000000000e+01
1.425991384091872931e+09,6.800000000000000000e+01,3.700000000000000000e+01
1.425991444489521980e+09,6.800000000000000000e+01,3.700000000000000000e+01
1.425991504481131077e+09,6.800000000000000000e+01,3.700000000000000000e+01
1.425991564906430960e+09,6.800000000000000000e+01,3.700000000000000000e+01
1.425991624397665977e+09,6.800000000000000000e+01,3.700000000000000000e+01
1.425991684811748028e+09,6.800000000000000000e+01,3.700000000000000000e+01
1.425991744819015980e+09,6.800000000000000000e+01,3.700000000000000000e+01
1.425991804245163918e+09,6.800000000000000000e+01,3.700000000000000000e+01
1.425991864650196075e+09,6.800000000000000000e+01,3.700000000000000000e+01
1.425991924133935928e+09,6.800000000000000000e+01,3.700000000000000000e+01
1.425991984565377951e+09,6.800000000000000000e+01,3.700000000000000000e+01
1.425992045010270119e+09,6.800000000000000000e+01,3.700000000000000000e+01
1.425992105476377964e+09,6.800000000000000000e+01,3.700000000000000000e+01
1.425992165981712103e+09,6.800000000000000000e+01,3.700000000000000000e+01
1.425992226021771908e+09,6.800000000000000000e+01,3.700000000000000000e+01
1.425992287028712988e+09,6.800000000000000000e+01,3.700000000000000000e+01
1.425992347545756102e+09,6.800000000000000000e+01,3.700000000000000000e+01
1.425992407977897882e+09,6.800000000000000000e+01,3.700000000000000000e+01
1.425992467558314085e+09,6.800000000000000000e+01,3.700000000000000000e+01
1.425992527160797119e+09,6.800000000000000000e+01,3.700000000000000000e+01
1.425992587707438946e+09,6.800000000000000000e+01,3.700000000000000000e+01
1.425992647236728907e+09,6.800000000000000000e+01,3.700000000000000000e+01
1.425992707295551062e+09,6.800000000000000000e+01,3.700000000000000000e+01
1.425992767355592012e+09,6.800000000000000000e+01,3.700000000000000000e+01
1.425992828031388044e+09,6.800000000000000000e+01,3.700000000000000000e+01
1.425992888571994066e+09,6.800000000000000000e+01,3.700000000000000000e+01
1.425992948133903027e+09,6.800000000000000000e+01,3.700000000000000000e+01
1.425993008641506910e+09,6.800000000000000000e+01,3.700000000000000000e+01
1.425993068744674921e+09,6.800000000000000000e+01,3.700000000000000000e+01
1.425993128295511007e+09,6.800000000000000000e+01,3.700000000000000000e+01
1.425993188369946003e+09,6.800000000000000000e+01,3.700000000000000000e+01
1.425993248436518908e+09,6.800000000000000000e+01,3.700000000000000000e+01
1.425993308972161055e+09,6.800000000000000000e+01,3.700000000000000000e+01
1.425993369025382042e+09,6.800000000000000000e+01,3.700000000000000000e+01
1.425993429704456091e+09,6.800000000000000000e+01,3.700000000000000000e+01
1.425993489210242033e+09,6.800000000000000000e+01,3.700000000000000000e+01
1.425993549774965048e+09,6.800000000000000000e+01,3.700000000000000000e+01
1.425993609317011118e+09,6.800000000000000000e+01,3.700000000000000000e+01
1.425993669463344097e+09,6.800000000000000000e+01,3.700000000000000000e+01
1.425993729562133074e+09,6.800000000000000000e+01,3.700000000000000000e+01
1.425993789666522980e+09,6.800000000000000000e+01,3.700000000000000000e+01
1.425993849289486885e+09,6.800000000000000000e+01,3.700000000000000000e+01
1.425993909918817997e+09,6.800000000000000000e+01,3.700000000000000000e+01
1.425993969442328930e+09,6.800000000000000000e+01,3.700000000000000000e+01
1.425994029545686007e+09,6.800000000000000000e+01,3.700000000000000000e+01
1.425994089632184029e+09,6.800000000000000000e+01,3.700000000000000000e+01
1.425994149163372040e+09,6.800000000000000000e+01,3.700000000000000000e+01
1.425994209736334085e+09,6.600000000000000000e+01,3.700000000000000000e+01
1.425994269367573023e+09,6.600000000000000000e+01,3.700000000000000000e+01
1.425994329972016096e+09,6.600000000000000000e+01,3.700000000000000000e+01
1.425994389598426104e+09,6.600000000000000000e+01,3.700000000000000000e+01
1.425994449795617104e+09,6.600000000000000000e+01,3.700000000000000000e+01
1.425994509485477924e+09,6.600000000000000000e+01,3.700000000000000000e+01
1.425994569167478085e+09,6.600000000000000000e+01,3.700000000000000000e+01
1.425994629899827957e+09,6.600000000000000000e+01,3.700000000000000000e+01
1.425994689135586023e+09,6.600000000000000000e+01,3.700000000000000000e+01
1.425994749375020027e+09,6.600000000000000000e+01,3.700000000000000000e+01
1.425994810045615911e+09,6.600000000000000000e+01,3.700000000000000000e+01
1.425994870354584932e+09,6.600000000000000000e+01,3.700000000000000000e+01
1.425994930117646933e+09,6.600000000000000000e+01,3.700000000000000000e+01
1.425994990795631886e+09,6.600000000000000000e+01,3.700000000000000000e+01
1.425995050465099096e+09,6.600000000000000000e+01,3.700000000000000000e+01
1.425995110705550909e+09,6.800000000000000000e+01,3.700000000000000000e+01
1.425995170901453018e+09,6.600000000000000000e+01,3.700000000000000000e+01
1.425995230609028101e+09,6.800000000000000000e+01,3.700000000000000000e+01
1.425995290310724020e+09,6.800000000000000000e+01,3.700000000000000000e+01
1.425995351015585899e+09,6.800000000000000000e+01,3.700000000000000000e+01
1.425995411279294014e+09,6.800000000000000000e+01,3.700000000000000000e+01
1.425995471952960968e+09,6.800000000000000000e+01,3.700000000000000000e+01
1.425995531133948088e+09,6.800000000000000000e+01,3.700000000000000000e+01
1.425995591875724077e+09,6.800000000000000000e+01,3.700000000000000000e+01
1.425995651062197924e+09,6.800000000000000000e+01,3.700000000000000000e+01
1.425995711796185970e+09,6.800000000000000000e+01,3.700000000000000000e+01
1.425995771560244083e+09,6.800000000000000000e+01,3.700000000000000000e+01
1.425995831245697021e+09,6.800000000000000000e+01,3.700000000000000000e+01
1.425995891977307081e+09,6.800000000000000000e+01,3.700000000000000000e+01
1.425995951698417902e+09,6.800000000000000000e+01,3.700000000000000000e+01
1.425996011965523005e+09,6.800000000000000000e+01,3.700000000000000000e+01
1.425996071764028072e+09,6.800000000000000000e+01,3.700000000000000000e+01
1.425996131573065996e+09,6.800000000000000000e+01,3.700000000000000000e+01
1.425996191340239048e+09,6.800000000000000000e+01,3.700000000000000000e+01
1.425996251241746902e+09,6.800000000000000000e+01,3.700000000000000000e+01
1.425996311066911936e+09,6.800000000000000000e+01,3.700000000000000000e+01
1.425996371485922098e+09,6.800000000000000000e+01,3.700000000000000000e+01
1.425996431412528992e+09,6.800000000000000000e+01,3.700000000000000000e+01
1.425996491246716976e+09,6.800000000000000000e+01,3.700000000000000000e+01
1.425996552016474009e+09,6.800000000000000000e+01,3.700000000000000000e+01
1.425996612355384111e+09,6.800000000000000000e+01,3.700000000000000000e+01
1.425996672642580032e+09,6.800000000000000000e+01,3.700000000000000000e+01
1.425996732489912033e+09,6.800000000000000000e+01,3.700000000000000000e+01
1.425996792803543091e+09,6.800000000000000000e+01,3.700000000000000000e+01
1.425996852631880999e+09,6.800000000000000000e+01,3.700000000000000000e+01
1.425996912454025030e+09,6.800000000000000000e+01,3.700000000000000000e+01
1.425996972283950090e+09,6.800000000000000000e+01,3.700000000000000000e+01
1.425997032590020895e+09,6.800000000000000000e+01,3.700000000000000000e+01
1.425997092453759909e+09,6.800000000000000000e+01,3.700000000000000000e+01
1.425997152304595947e+09,6.800000000000000000e+01,3.700000000000000000e+01
1.425997212182629108e+09,6.800000000000000000e+01,3.700000000000000000e+01
1.425997272548160076e+09,6.600000000000000000e+01,3.700000000000000000e+01
1.425997332909965038e+09,6.600000000000000000e+01,3.700000000000000000e+01
1.425997392203952074e+09,6.600000000000000000e+01,3.700000000000000000e+01
1.425997452075470924e+09,6.800000000000000000e+01,3.700000000000000000e+01
1.425997512400799990e+09,6.800000000000000000e+01,3.700000000000000000e+01
1.425997572234543085e+09,6.600000000000000000e+01,3.700000000000000000e+01
1.425997632627701044e+09,6.600000000000000000e+01,3.700000000000000000e+01
1.425997692419271946e+09,6.600000000000000000e+01,3.700000000000000000e+01
1.425997752248527050e+09,6.600000000000000000e+01,3.700000000000000000e+01
1.425997812081690073e+09,6.600000000000000000e+01,3.700000000000000000e+01
1.425997872899960041e+09,6.600000000000000000e+01,3.700000000000000000e+01
1.425997932695504904e+09,6.600000000000000000e+01,3.700000000000000000e+01
1.425997992545527935e+09,6.600000000000000000e+01,3.700000000000000000e+01
1.425998052315193892e+09,6.600000000000000000e+01,3.700000000000000000e+01
1.425998112176760912e+09,6.600000000000000000e+01,3.700000000000000000e+01
1.425998172546186924e+09,6.600000000000000000e+01,3.700000000000000000e+01
1.425998232365396023e+09,6.600000000000000000e+01,3.700000000000000000e+01
1.425998292197738886e+09,6.800000000000000000e+01,3.700000000000000000e+01
1.425998352999655962e+09,6.800000000000000000e+01,3.700000000000000000e+01
1.425998412821984053e+09,6.800000000000000000e+01,3.700000000000000000e+01
1.425998472637734890e+09,6.800000000000000000e+01,3.700000000000000000e+01
1.425998532439980030e+09,6.800000000000000000e+01,3.700000000000000000e+01
1.425998592392250061e+09,6.800000000000000000e+01,3.700000000000000000e+01
1.425998652228395939e+09,6.800000000000000000e+01,3.700000000000000000e+01
1.425998712080961943e+09,6.800000000000000000e+01,3.700000000000000000e+01
1.425998772428782940e+09,6.800000000000000000e+01,3.700000000000000000e+01
1.425998832295619011e+09,6.800000000000000000e+01,3.700000000000000000e+01
1.425998892133903027e+09,6.800000000000000000e+01,3.700000000000000000e+01
1.425998952765544891e+09,6.800000000000000000e+01,3.700000000000000000e+01
1.425999012398267031e+09,6.800000000000000000e+01,3.700000000000000000e+01
1.425999072567003012e+09,6.800000000000000000e+01,3.700000000000000000e+01
1.425999132710602999e+09,6.800000000000000000e+01,3.700000000000000000e+01
1.425999192385590076e+09,6.800000000000000000e+01,3.700000000000000000e+01
1.425999252499118090e+09,6.800000000000000000e+01,3.700000000000000000e+01
1.425999312608572006e+09,6.800000000000000000e+01,3.700000000000000000e+01
1.425999372176940918e+09,6.800000000000000000e+01,3.700000000000000000e+01
1.425999432850188971e+09,6.800000000000000000e+01,3.700000000000000000e+01
1.425999492465523958e+09,6.800000000000000000e+01,3.700000000000000000e+01
1.425999552102648020e+09,6.800000000000000000e+01,3.700000000000000000e+01
1.425999612720447063e+09,6.800000000000000000e+01,3.700000000000000000e+01
1.425999672404023886e+09,6.800000000000000000e+01,3.700000000000000000e+01
1.425999732610645056e+09,6.800000000000000000e+01,3.700000000000000000e+01
1.425999792330549002e+09,6.800000000000000000e+01,3.700000000000000000e+01
1.425999852133914948e+09,6.800000000000000000e+01,3.700000000000000000e+01
1.425999912427243948e+09,6.800000000000000000e+01,3.700000000000000000e+01
1.425999972172132015e+09,6.800000000000000000e+01,3.700000000000000000e+01
1.426000032886820078e+09,6.800000000000000000e+01,3.700000000000000000e+01
1.426000092638739109e+09,6.800000000000000000e+01,3.700000000000000000e+01
1.426000152343451023e+09,6.800000000000000000e+01,3.700000000000000000e+01
1.426000212623219967e+09,6.800000000000000000e+01,3.700000000000000000e+01
1.426000272894016027e+09,6.800000000000000000e+01,3.700000000000000000e+01
1.426000332620186090e+09,6.800000000000000000e+01,3.700000000000000000e+01
1.426000392406548023e+09,6.800000000000000000e+01,3.700000000000000000e+01
1.426000452115643024e+09,6.800000000000000000e+01,3.700000000000000000e+01
1.426000512825602055e+09,6.800000000000000000e+01,3.700000000000000000e+01
1.426000572115647078e+09,6.800000000000000000e+01,3.700000000000000000e+01
1.426000632829781055e+09,6.800000000000000000e+01,3.700000000000000000e+01
1.426000692622389078e+09,6.800000000000000000e+01,3.700000000000000000e+01
1.426000752380347013e+09,6.800000000000000000e+01,3.700000000000000000e+01
1.426000812669584990e+09,6.800000000000000000e+01,3.700000000000000000e+01
1.426000872436464071e+09,6.800000000000000000e+01,3.700000000000000000e+01
1.426000932145648003e+09,6.800000000000000000e+01,3.700000000000000000e+01
1.426000992884906054e+09,6.800000000000000000e+01,3.700000000000000000e+01
1.426001052623492002e+09,6.800000000000000000e+01,3.700000000000000000e+01
1.426001112362979889e+09,6.800000000000000000e+01,3.700000000000000000e+01
1.426001172115552902e+09,6.800000000000000000e+01,3.700000000000000000e+01
1.426001232876712084e+09,6.800000000000000000e+01,3.700000000000000000e+01
1.426001292634087086e+09,6.800000000000000000e+01,3.700000000000000000e+01
1.426001352346410036e+09,6.800000000000000000e+01,3.700000000000000000e+01
1.426001412665647030e+09,6.800000000000000000e+01,3.700000000000000000e+01
1.426001472406902075e+09,6.800000000000000000e+01,3.700000000000000000e+01
1.426001532191150904e+09,6.800000000000000000e+01,3.700000000000000000e+01
1.426001593000168085e+09,6.800000000000000000e+01,3.700000000000000000e+01
1.426001653284862041e+09,6.800000000000000000e+01,3.700000000000000000e+01
1.426001713545547962e+09,6.800000000000000000e+01,3.700000000000000000e+01
1.426001773295548916e+09,6.800000000000000000e+01,3.700000000000000000e+01
1.426001833062041998e+09,6.800000000000000000e+01,3.700000000000000000e+01
1.426001893364026070e+09,6.800000000000000000e+01,3.700000000000000000e+01
1.426001953077619076e+09,6.800000000000000000e+01,3.700000000000000000e+01
1.426002013405860901e+09,6.800000000000000000e+01,3.700000000000000000e+01
1.426002073776169062e+09,6.800000000000000000e+01,3.700000000000000000e+01
1.426002133483289957e+09,6.800000000000000000e+01,3.700000000000000000e+01
1.426002193248821974e+09,6.800000000000000000e+01,3.700000000000000000e+01
1.426002254009234905e+09,6.800000000000000000e+01,3.700000000000000000e+01
1.426002314370203972e+09,6.800000000000000000e+01,3.700000000000000000e+01
1.426002374175637960e+09,6.800000000000000000e+01,3.700000000000000000e+01
1.426002434456362009e+09,6.800000000000000000e+01,3.700000000000000000e+01
1.426002494190239906e+09,6.800000000000000000e+01,3.700000000000000000e+01
1.426002554892059088e+09,6.800000000000000000e+01,3.700000000000000000e+01
1.426002614673604965e+09,6.800000000000000000e+01,3.700000000000000000e+01
1.426002674480675936e+09,6.800000000000000000e+01,3.700000000000000000e+01
1.426002734802660942e+09,6.600000000000000000e+01,3.700000000000000000e+01
1.426002794078922033e+09,6.600000000000000000e+01,3.700000000000000000e+01
1.426002854851428032e+09,6.800000000000000000e+01,3.700000000000000000e+01
1.426002914699949026e+09,6.800000000000000000e+01,3.700000000000000000e+01
1.426002974449740887e+09,6.800000000000000000e+01,3.700000000000000000e+01
1.426003034236078978e+09,6.600000000000000000e+01,3.700000000000000000e+01
1.426003094045603037e+09,6.600000000000000000e+01,3.700000000000000000e+01
1.426003154835354090e+09,6.600000000000000000e+01,3.700000000000000000e+01
1.426003214636548042e+09,6.600000000000000000e+01,3.700000000000000000e+01
1.426003274121622086e+09,6.600000000000000000e+01,3.700000000000000000e+01
1.426003335045602083e+09,6.600000000000000000e+01,3.700000000000000000e+01
1.426003395998195887e+09,6.600000000000000000e+01,3.700000000000000000e+01
1.426003455385529995e+09,6.600000000000000000e+01,3.700000000000000000e+01
1.426003515256531000e+09,6.600000000000000000e+01,3.700000000000000000e+01
1.426003575214714050e+09,6.600000000000000000e+01,3.700000000000000000e+01
1.426003635138384104e+09,6.600000000000000000e+01,3.700000000000000000e+01
1.426003695073872089e+09,6.600000000000000000e+01,3.700000000000000000e+01
1.426003756024041891e+09,6.600000000000000000e+01,3.700000000000000000e+01
1.426003816980393887e+09,6.600000000000000000e+01,3.700000000000000000e+01
1.426003876841959953e+09,6.600000000000000000e+01,3.700000000000000000e+01
1.426003936763583899e+09,6.600000000000000000e+01,3.700000000000000000e+01
1.426003996710978985e+09,6.600000000000000000e+01,3.700000000000000000e+01
1.426004056627197981e+09,6.600000000000000000e+01,3.700000000000000000e+01
1.426004116108386993e+09,6.600000000000000000e+01,3.700000000000000000e+01
1.426004176045553923e+09,6.600000000000000000e+01,3.700000000000000000e+01
1.426004236994671106e+09,6.600000000000000000e+01,3.700000000000000000e+01
1.426004296939198017e+09,6.600000000000000000e+01,3.700000000000000000e+01
1.426004356854681015e+09,6.600000000000000000e+01,3.700000000000000000e+01
1.426004416743525982e+09,6.600000000000000000e+01,3.700000000000000000e+01
1.426004476653234005e+09,6.600000000000000000e+01,3.700000000000000000e+01
1.426004536618154049e+09,6.600000000000000000e+01,3.700000000000000000e+01
1.426004596547266960e+09,6.600000000000000000e+01,3.700000000000000000e+01
1.426004656452856064e+09,6.600000000000000000e+01,3.700000000000000000e+01
1.426004716953655005e+09,6.600000000000000000e+01,3.700000000000000000e+01
1.426004776426440954e+09,6.600000000000000000e+01,3.700000000000000000e+01
1.426004836886234045e+09,6.600000000000000000e+01,3.700000000000000000e+01
1.426004896801682949e+09,6.600000000000000000e+01,3.700000000000000000e+01
1.426004956238018036e+09,6.600000000000000000e+01,3.700000000000000000e+01
1.426005016145412922e+09,6.600000000000000000e+01,5.000000000000000000e+00
1.426005076059142113e+09,6.600000000000000000e+01,3.700000000000000000e+01
1.426005136052444935e+09,6.600000000000000000e+01,3.700000000000000000e+01
1.426005196529896021e+09,6.600000000000000000e+01,3.700000000000000000e+01
1.426005256958199978e+09,6.600000000000000000e+01,3.700000000000000000e+01
1.426005316878880024e+09,6.600000000000000000e+01,3.700000000000000000e+01
1.426005376318725109e+09,6.600000000000000000e+01,3.700000000000000000e+01
1.426005436805532932e+09,6.600000000000000000e+01,3.700000000000000000e+01
1.426005496245373964e+09,6.600000000000000000e+01,3.700000000000000000e+01
1.426005556740117073e+09,6.600000000000000000e+01,3.700000000000000000e+01
1.426005616158716917e+09,6.600000000000000000e+01,3.700000000000000000e+01
1.426005676133915901e+09,6.600000000000000000e+01,3.700000000000000000e+01
1.426005736045593023e+09,6.600000000000000000e+01,3.700000000000000000e+01
1.426005796977279902e+09,6.600000000000000000e+01,3.700000000000000000e+01
1.426005856444374084e+09,6.600000000000000000e+01,3.700000000000000000e+01
1.426005916342279911e+09,6.600000000000000000e+01,3.700000000000000000e+01
1.426005976289823055e+09,6.600000000000000000e+01,3.700000000000000000e+01
1.426006036229512930e+09,6.600000000000000000e+01,3.700000000000000000e+01
1.426006096717587948e+09,6.600000000000000000e+01,3.700000000000000000e+01
1.426006156141776085e+09,6.600000000000000000e+01,3.700000000000000000e+01
1.426006216624830008e+09,6.600000000000000000e+01,3.700000000000000000e+01
1.426006276565186024e+09,6.600000000000000000e+01,3.700000000000000000e+01
1.426006337007229090e+09,6.600000000000000000e+01,3.700000000000000000e+01
1.426006397985810041e+09,6.600000000000000000e+01,3.700000000000000000e+01
1.426006457976826906e+09,6.600000000000000000e+01,3.700000000000000000e+01
1.426006517938409090e+09,6.600000000000000000e+01,3.700000000000000000e+01
1.426006577200265884e+09,6.600000000000000000e+01,3.700000000000000000e+01
1.426006637211163044e+09,6.600000000000000000e+01,3.700000000000000000e+01
1.426006697138083935e+09,6.600000000000000000e+01,3.700000000000000000e+01
1.426006757616612911e+09,6.600000000000000000e+01,3.700000000000000000e+01
1.426006817612593889e+09,6.600000000000000000e+01,3.700000000000000000e+01
1.426006877685858965e+09,6.600000000000000000e+01,3.700000000000000000e+01
1.426006937726006985e+09,6.800000000000000000e+01,3.700000000000000000e+01
1.426006997758416891e+09,6.800000000000000000e+01,3.700000000000000000e+01
1.426007057795597076e+09,6.800000000000000000e+01,3.700000000000000000e+01
1.426007117850752115e+09,6.800000000000000000e+01,3.700000000000000000e+01
1.426007177839693069e+09,6.800000000000000000e+01,3.700000000000000000e+01
1.426007237875667095e+09,6.800000000000000000e+01,3.700000000000000000e+01
1.426007297892000914e+09,6.800000000000000000e+01,3.700000000000000000e+01
1.426007357890933037e+09,6.800000000000000000e+01,3.700000000000000000e+01
1.426007417958606005e+09,6.800000000000000000e+01,3.700000000000000000e+01
1.426007477545548916e+09,6.800000000000000000e+01,3.700000000000000000e+01
1.426007537607317924e+09,6.800000000000000000e+01,3.700000000000000000e+01
1.426007597695476055e+09,6.800000000000000000e+01,3.700000000000000000e+01
1.426007657730334044e+09,6.800000000000000000e+01,3.700000000000000000e+01
1.426007717811249018e+09,6.800000000000000000e+01,3.700000000000000000e+01
1.426007777417180061e+09,6.800000000000000000e+01,3.700000000000000000e+01
1.426007837428184032e+09,6.800000000000000000e+01,3.700000000000000000e+01
1.426007897481924057e+09,6.800000000000000000e+01,5.000000000000000000e+00
1.426007957603353024e+09,6.800000000000000000e+01,3.700000000000000000e+01
1.426008017598807096e+09,6.800000000000000000e+01,3.700000000000000000e+01
1.426008077232141972e+09,6.800000000000000000e+01,3.700000000000000000e+01
1.426008137356116056e+09,6.800000000000000000e+01,3.700000000000000000e+01
1.426008197507213116e+09,6.800000000000000000e+01,3.700000000000000000e+01
1.426008257602696896e+09,6.800000000000000000e+01,3.700000000000000000e+01
1.426008317164396048e+09,6.800000000000000000e+01,3.700000000000000000e+01
1.426008377231918097e+09,6.800000000000000000e+01,3.700000000000000000e+01
1.426008437276002884e+09,6.800000000000000000e+01,3.700000000000000000e+01
1.426008497364963055e+09,6.800000000000000000e+01,3.700000000000000000e+01
1.426008557397896051e+09,6.800000000000000000e+01,3.700000000000000000e+01
1.426008617936156988e+09,6.800000000000000000e+01,3.700000000000000000e+01
1.426008677955435038e+09,6.800000000000000000e+01,3.700000000000000000e+01
1.426008737566667080e+09,6.800000000000000000e+01,3.700000000000000000e+01
1.426008797660521030e+09,6.800000000000000000e+01,3.700000000000000000e+01
1.426008857209611893e+09,6.800000000000000000e+01,3.700000000000000000e+01
1.426008917186110020e+09,6.800000000000000000e+01,3.700000000000000000e+01
1.426008977249865055e+09,6.800000000000000000e+01,3.700000000000000000e+01
1.426009037326176882e+09,6.800000000000000000e+01,3.700000000000000000e+01
1.426009097909919977e+09,6.800000000000000000e+01,3.700000000000000000e+01
1.426009157467281103e+09,6.800000000000000000e+01,3.700000000000000000e+01
1.426009217087014914e+09,6.800000000000000000e+01,3.700000000000000000e+01
1.426009277211177111e+09,6.800000000000000000e+01,3.700000000000000000e+01
1.426009337295614004e+09,6.800000000000000000e+01,3.700000000000000000e+01
1.426009397875418901e+09,6.800000000000000000e+01,3.700000000000000000e+01
1.426009457488496065e+09,6.800000000000000000e+01,3.700000000000000000e+01
1.426009517639683962e+09,6.800000000000000000e+01,3.700000000000000000e+01
1.426009577606606960e+09,6.800000000000000000e+01,3.700000000000000000e+01
1.426009637726322889e+09,6.800000000000000000e+01,3.700000000000000000e+01
1.426009697877743959e+09,6.800000000000000000e+01,3.700000000000000000e+01
1.426009757973448038e+09,6.800000000000000000e+01,3.700000000000000000e+01
1.426009817070379019e+09,6.800000000000000000e+01,3.700000000000000000e+01
1.426009877127132893e+09,6.800000000000000000e+01,3.700000000000000000e+01
1.426009937224257946e+09,6.800000000000000000e+01,3.700000000000000000e+01
1.426009997823189020e+09,6.800000000000000000e+01,3.700000000000000000e+01
1.426010057828299999e+09,6.800000000000000000e+01,3.700000000000000000e+01
1.426010117885580063e+09,6.800000000000000000e+01,3.700000000000000000e+01
1.426010177517884970e+09,6.800000000000000000e+01,3.700000000000000000e+01
1.426010237100852013e+09,6.800000000000000000e+01,3.700000000000000000e+01
1.426010297672585964e+09,6.800000000000000000e+01,3.700000000000000000e+01
1.426010357315911055e+09,6.800000000000000000e+01,3.700000000000000000e+01
1.426010417434961081e+09,6.800000000000000000e+01,3.700000000000000000e+01
1.426010477565375090e+09,6.800000000000000000e+01,3.700000000000000000e+01
1.426010537688679934e+09,6.800000000000000000e+01,3.700000000000000000e+01
1.426010597806583881e+09,6.800000000000000000e+01,3.700000000000000000e+01
1.426010657439102888e+09,6.800000000000000000e+01,3.700000000000000000e+01
1.426010717573740959e+09,6.800000000000000000e+01,3.700000000000000000e+01
1.426010777756865978e+09,6.800000000000000000e+01,3.700000000000000000e+01
1.426010837867621899e+09,6.800000000000000000e+01,3.700000000000000000e+01
1.426010897576817989e+09,6.800000000000000000e+01,3.700000000000000000e+01
1.426010957756340027e+09,6.800000000000000000e+01,3.700000000000000000e+01
1.426011017885597944e+09,6.800000000000000000e+01,3.700000000000000000e+01
1.426011077604768038e+09,6.800000000000000000e+01,3.700000000000000000e+01
1.426011137783772945e+09,6.800000000000000000e+01,3.700000000000000000e+01
1.426011197940643072e+09,6.800000000000000000e+01,3.700000000000000000e+01
1.426011257075198889e+09,6.800000000000000000e+01,3.700000000000000000e+01
1.426011317208390951e+09,6.800000000000000000e+01,3.700000000000000000e+01
1.426011377384761095e+09,6.800000000000000000e+01,3.700000000000000000e+01
1.426011437482852936e+09,6.800000000000000000e+01,3.700000000000000000e+01
1.426011497674452066e+09,6.800000000000000000e+01,3.700000000000000000e+01
1.426011557417257071e+09,6.800000000000000000e+01,3.700000000000000000e+01
1.426011617575684071e+09,6.800000000000000000e+01,3.700000000000000000e+01
1.426011677713222980e+09,6.800000000000000000e+01,3.700000000000000000e+01
1.426011737490443945e+09,6.800000000000000000e+01,3.700000000000000000e+01
1.426011797625888109e+09,6.800000000000000000e+01,3.700000000000000000e+01
1.426011857311500072e+09,6.800000000000000000e+01,3.700000000000000000e+01
1.426011917477942944e+09,6.800000000000000000e+01,3.700000000000000000e+01
1.426011977668040037e+09,6.800000000000000000e+01,3.700000000000000000e+01
1.426012037429408073e+09,6.800000000000000000e+01,3.700000000000000000e+01
1.426012097144876957e+09,6.800000000000000000e+01,3.700000000000000000e+01
1.426012157369728088e+09,6.800000000000000000e+01,3.700000000000000000e+01
1.426012217644928932e+09,6.800000000000000000e+01,3.700000000000000000e+01
1.426012277838769913e+09,6.800000000000000000e+01,3.700000000000000000e+01
1.426012337585931063e+09,6.800000000000000000e+01,3.700000000000000000e+01
1.426012397387815952e+09,6.800000000000000000e+01,3.700000000000000000e+01
1.426012457677695990e+09,6.800000000000000000e+01,3.700000000000000000e+01
1.426012517884584904e+09,6.800000000000000000e+01,3.700000000000000000e+01
1.426012577053652048e+09,6.800000000000000000e+01,3.700000000000000000e+01
1.426012637356966019e+09,6.800000000000000000e+01,3.700000000000000000e+01
1.426012697664849043e+09,6.800000000000000000e+01,3.700000000000000000e+01
1.426012757867665052e+09,6.800000000000000000e+01,3.700000000000000000e+01
1.426012817627129078e+09,6.800000000000000000e+01,3.700000000000000000e+01
1.426012877856350899e+09,6.800000000000000000e+01,3.700000000000000000e+01
1.426012937087352037e+09,6.800000000000000000e+01,3.700000000000000000e+01
1.426012997322926044e+09,6.800000000000000000e+01,3.700000000000000000e+01
1.426013057108575106e+09,6.800000000000000000e+01,3.700000000000000000e+01
1.426013117375566006e+09,6.800000000000000000e+01,3.700000000000000000e+01
1.426013177592868090e+09,6.800000000000000000e+01,3.700000000000000000e+01
1.426013237825721025e+09,6.800000000000000000e+01,3.700000000000000000e+01
1.426013298028039932e+09,6.800000000000000000e+01,3.700000000000000000e+01
1.426013358295650959e+09,6.800000000000000000e+01,3.700000000000000000e+01
1.426013419041596889e+09,6.800000000000000000e+01,3.700000000000000000e+01
1.426013479225395918e+09,6.800000000000000000e+01,3.700000000000000000e+01
1.426013539943094969e+09,6.800000000000000000e+01,3.700000000000000000e+01
1.426013599181986094e+09,6.800000000000000000e+01,3.700000000000000000e+01
1.426013659427743912e+09,6.800000000000000000e+01,3.700000000000000000e+01
1.426013719238392115e+09,6.800000000000000000e+01,3.700000000000000000e+01
1.426013779505462885e+09,6.800000000000000000e+01,3.700000000000000000e+01
1.426013839772358894e+09,6.800000000000000000e+01,3.700000000000000000e+01
1.426013900015531063e+09,6.800000000000000000e+01,3.700000000000000000e+01
1.426013960265608072e+09,6.800000000000000000e+01,3.700000000000000000e+01
1.426014020521023035e+09,6.800000000000000000e+01,3.700000000000000000e+01
1.426014080911668062e+09,6.800000000000000000e+01,3.700000000000000000e+01
1.426014140248528957e+09,6.800000000000000000e+01,3.700000000000000000e+01
1.426014200612032890e+09,6.800000000000000000e+01,3.700000000000000000e+01
1.426014260985650063e+09,6.800000000000000000e+01,3.700000000000000000e+01
1.426014320362315893e+09,6.800000000000000000e+01,3.700000000000000000e+01
1.426014380209285021e+09,6.800000000000000000e+01,3.700000000000000000e+01
1.426014440076533079e+09,6.800000000000000000e+01,3.700000000000000000e+01
1.426014500478118896e+09,6.800000000000000000e+01,3.700000000000000000e+01
1.426014560312657118e+09,6.800000000000000000e+01,3.700000000000000000e+01
1.426014620172549009e+09,6.800000000000000000e+01,3.700000000000000000e+01
1.426014680052769899e+09,6.800000000000000000e+01,3.700000000000000000e+01
1.426014740918529034e+09,6.800000000000000000e+01,3.700000000000000000e+01
1.426014800197536945e+09,6.800000000000000000e+01,3.700000000000000000e+01
1.426014860082952976e+09,6.800000000000000000e+01,3.700000000000000000e+01
1.426014920971483946e+09,6.800000000000000000e+01,3.700000000000000000e+01
1.426014980285655022e+09,6.800000000000000000e+01,3.700000000000000000e+01
1.426015040148458958e+09,6.800000000000000000e+01,3.700000000000000000e+01
1.426015100525994062e+09,6.800000000000000000e+01,3.700000000000000000e+01
1.426015160920301914e+09,6.800000000000000000e+01,3.700000000000000000e+01
1.426015220237629890e+09,6.800000000000000000e+01,3.700000000000000000e+01
1.426015280116257906e+09,6.800000000000000000e+01,3.700000000000000000e+01
1.426015340966278076e+09,6.800000000000000000e+01,3.700000000000000000e+01
1.426015400290465117e+09,6.800000000000000000e+01,3.700000000000000000e+01
1.426015460674335957e+09,6.800000000000000000e+01,3.700000000000000000e+01
1.426015520052048922e+09,6.800000000000000000e+01,3.700000000000000000e+01
1.426015580915553093e+09,6.800000000000000000e+01,3.700000000000000000e+01
1.426015640827277899e+09,6.800000000000000000e+01,3.700000000000000000e+01
1.426015700197674036e+09,6.800000000000000000e+01,3.700000000000000000e+01
1.426015760604192972e+09,6.800000000000000000e+01,3.700000000000000000e+01
1.426015820946455002e+09,6.800000000000000000e+01,3.700000000000000000e+01
1.426015880335416079e+09,6.800000000000000000e+01,3.700000000000000000e+01
1.426015940699739933e+09,6.800000000000000000e+01,3.700000000000000000e+01
1.426016000610956907e+09,6.800000000000000000e+01,3.700000000000000000e+01
1.426016060501329899e+09,6.800000000000000000e+01,3.700000000000000000e+01
1.426016120524013996e+09,6.800000000000000000e+01,3.700000000000000000e+01
1.426016180879065990e+09,6.800000000000000000e+01,3.700000000000000000e+01
1.426016240243736982e+09,6.800000000000000000e+01,3.700000000000000000e+01
1.426016300588758945e+09,6.800000000000000000e+01,3.700000000000000000e+01
1.426016360957813978e+09,6.800000000000000000e+01,3.700000000000000000e+01
1.426016420313604116e+09,6.800000000000000000e+01,3.700000000000000000e+01
1.426016480697377920e+09,6.800000000000000000e+01,3.700000000000000000e+01
1.426016540117126942e+09,6.800000000000000000e+01,3.700000000000000000e+01
1.426016600598427057e+09,6.800000000000000000e+01,3.700000000000000000e+01
1.426016660054896116e+09,6.800000000000000000e+01,3.700000000000000000e+01
1.426016720404095888e+09,6.800000000000000000e+01,3.700000000000000000e+01
1.426016780311266899e+09,6.800000000000000000e+01,3.700000000000000000e+01
1.426016840649198055e+09,6.800000000000000000e+01,3.700000000000000000e+01
1.426016900488256931e+09,6.800000000000000000e+01,3.700000000000000000e+01
1.426016960817825079e+09,6.800000000000000000e+01,3.700000000000000000e+01
1.426017020133894920e+09,6.800000000000000000e+01,3.700000000000000000e+01
1.426017080518485069e+09,6.800000000000000000e+01,3.700000000000000000e+01
1.426017140968929052e+09,6.800000000000000000e+01,3.700000000000000000e+01
1.426017200317106009e+09,6.800000000000000000e+01,3.700000000000000000e+01
1.426017260704715967e+09,6.600000000000000000e+01,3.700000000000000000e+01
1.426017320090831995e+09,6.600000000000000000e+01,3.700000000000000000e+01
1.426017380399763107e+09,6.600000000000000000e+01,3.700000000000000000e+01
1.426017440741132975e+09,6.800000000000000000e+01,3.700000000000000000e+01
1.426017500063785076e+09,6.600000000000000000e+01,3.700000000000000000e+01
1.426017560409390926e+09,6.600000000000000000e+01,3.700000000000000000e+01
1.426017620812530041e+09,6.600000000000000000e+01,3.700000000000000000e+01
1.426017680840297937e+09,6.600000000000000000e+01,3.700000000000000000e+01
1.426017740534379959e+09,6.800000000000000000e+01,3.700000000000000000e+01
1.426017800750257969e+09,6.600000000000000000e+01,3.700000000000000000e+01
1.426017860509377003e+09,6.600000000000000000e+01,3.700000000000000000e+01
1.426017920227828979e+09,6.600000000000000000e+01,3.700000000000000000e+01
1.426017980508729935e+09,6.600000000000000000e+01,3.700000000000000000e+01
1.426018040270448923e+09,6.600000000000000000e+01,3.700000000000000000e+01
1.426018100937643051e+09,6.600000000000000000e+01,3.700000000000000000e+01
1.426018160617811918e+09,6.600000000000000000e+01,3.700000000000000000e+01
1.426018220358613014e+09,6.600000000000000000e+01,3.700000000000000000e+01
1.426018280133908987e+09,6.600000000000000000e+01,3.700000000000000000e+01
1.426018340811157942e+09,6.600000000000000000e+01,3.700000000000000000e+01
1.426018400559614897e+09,6.600000000000000000e+01,3.700000000000000000e+01
1.426018460247347116e+09,6.600000000000000000e+01,3.700000000000000000e+01
1.426018520964713097e+09,6.600000000000000000e+01,3.700000000000000000e+01
1.426018580622678041e+09,6.600000000000000000e+01,3.700000000000000000e+01
1.426018640889477968e+09,6.600000000000000000e+01,3.700000000000000000e+01
1.426018700147622108e+09,6.600000000000000000e+01,3.700000000000000000e+01
1.426018760847415924e+09,6.600000000000000000e+01,3.700000000000000000e+01
1.426018820580427885e+09,6.600000000000000000e+01,3.700000000000000000e+01
1.426018880261768103e+09,6.600000000000000000e+01,3.700000000000000000e+01
1.426018940545556068e+09,6.600000000000000000e+01,3.700000000000000000e+01
1.426019000778436899e+09,6.600000000000000000e+01,3.700000000000000000e+01
1.426019060096430063e+09,6.600000000000000000e+01,3.700000000000000000e+01
1.426019120837673903e+09,6.600000000000000000e+01,3.700000000000000000e+01
1.426019180567337990e+09,6.600000000000000000e+01,3.700000000000000000e+01
1.426019240295588970e+09,6.600000000000000000e+01,3.700000000000000000e+01
1.426019300548717022e+09,6.600000000000000000e+01,3.700000000000000000e+01
1.426019360262568951e+09,6.600000000000000000e+01,3.700000000000000000e+01
1.426019420951114893e+09,6.600000000000000000e+01,3.700000000000000000e+01
1.426019480687303066e+09,6.600000000000000000e+01,3.700000000000000000e+01
1.426019540420469999e+09,6.600000000000000000e+01,3.700000000000000000e+01
1.426019600665653944e+09,6.600000000000000000e+01,3.700000000000000000e+01
1.426019660435476065e+09,6.600000000000000000e+01,3.700000000000000000e+01
1.426019720666210890e+09,6.600000000000000000e+01,3.700000000000000000e+01
1.426019780421097994e+09,6.600000000000000000e+01,3.700000000000000000e+01
1.426019840133912086e+09,6.600000000000000000e+01,3.700000000000000000e+01
1.426019900924103975e+09,6.600000000000000000e+01,3.700000000000000000e+01
1.426019960246567011e+09,6.600000000000000000e+01,3.700000000000000000e+01
1.426020021016016960e+09,6.600000000000000000e+01,3.700000000000000000e+01
1.426020081733207941e+09,6.600000000000000000e+01,3.700000000000000000e+01
1.426020141480001926e+09,6.600000000000000000e+01,3.700000000000000000e+01
1.426020201178967953e+09,6.600000000000000000e+01,3.700000000000000000e+01
1.426020261923933029e+09,6.600000000000000000e+01,3.700000000000000000e+01
1.426020321719099045e+09,6.600000000000000000e+01,3.700000000000000000e+01
1.426020381522053003e+09,6.600000000000000000e+01,3.700000000000000000e+01
1.426020441797754049e+09,6.600000000000000000e+01,3.700000000000000000e+01
1.426020501493604898e+09,6.600000000000000000e+01,3.700000000000000000e+01
1.426020561317342043e+09,6.600000000000000000e+01,3.700000000000000000e+01
1.426020621656815052e+09,6.600000000000000000e+01,3.700000000000000000e+01
1.426020681045598030e+09,6.600000000000000000e+01,3.700000000000000000e+01
1.426020741813981056e+09,6.600000000000000000e+01,3.700000000000000000e+01
1.426020801139580965e+09,6.600000000000000000e+01,3.700000000000000000e+01
1.426020861973944902e+09,6.600000000000000000e+01,3.700000000000000000e+01
1.426020921837476969e+09,6.600000000000000000e+01,3.700000000000000000e+01
1.426020981251554012e+09,6.600000000000000000e+01,3.700000000000000000e+01
1.426021041513838053e+09,6.600000000000000000e+01,3.700000000000000000e+01
1.426021101300770044e+09,6.600000000000000000e+01,3.700000000000000000e+01
1.426021161086791039e+09,6.600000000000000000e+01,3.700000000000000000e+01
1.426021221867408991e+09,6.600000000000000000e+01,3.700000000000000000e+01
1.426021281706784010e+09,6.600000000000000000e+01,3.700000000000000000e+01
1.426021341133898973e+09,6.600000000000000000e+01,3.700000000000000000e+01
1.426021401447376013e+09,6.600000000000000000e+01,3.700000000000000000e+01
1.426021461316947937e+09,6.600000000000000000e+01,3.700000000000000000e+01
1.426021521659316063e+09,6.600000000000000000e+01,3.700000000000000000e+01
1.426021582035557985e+09,6.600000000000000000e+01,3.700000000000000000e+01
1.426021642333447933e+09,6.600000000000000000e+01,3.700000000000000000e+01
1.426021702083581924e+09,6.600000000000000000e+01,3.700000000000000000e+01
1.426021762932394028e+09,6.600000000000000000e+01,3.700000000000000000e+01
1.426021822758016109e+09,6.600000000000000000e+01,3.700000000000000000e+01
1.426021882576965094e+09,6.600000000000000000e+01,3.700000000000000000e+01
1.426021942920999050e+09,6.600000000000000000e+01,3.700000000000000000e+01
1.426022002775108099e+09,6.600000000000000000e+01,3.700000000000000000e+01
1.426022062575670004e+09,6.600000000000000000e+01,3.700000000000000000e+01
1.426022122360493898e+09,6.600000000000000000e+01,3.700000000000000000e+01
1.426022182699568987e+09,6.600000000000000000e+01,3.700000000000000000e+01
1.426022242497515917e+09,6.600000000000000000e+01,3.700000000000000000e+01
1.426022302387295961e+09,6.600000000000000000e+01,3.700000000000000000e+01
1.426022362163024902e+09,6.600000000000000000e+01,3.700000000000000000e+01
1.426022423023876905e+09,6.600000000000000000e+01,3.700000000000000000e+01
1.426022483809257030e+09,6.600000000000000000e+01,3.700000000000000000e+01
1.426022543657239914e+09,6.600000000000000000e+01,3.700000000000000000e+01
1.426022603399919033e+09,6.600000000000000000e+01,3.700000000000000000e+01
1.426022663252979994e+09,6.600000000000000000e+01,3.700000000000000000e+01
1.426022724030133963e+09,6.600000000000000000e+01,3.700000000000000000e+01
1.426022784380621910e+09,6.600000000000000000e+01,3.700000000000000000e+01
1.426022844276923895e+09,6.600000000000000000e+01,3.700000000000000000e+01
1.426022904145633936e+09,6.600000000000000000e+01,3.700000000000000000e+01
1.426022964927436113e+09,6.600000000000000000e+01,3.700000000000000000e+01
1.426023024696765900e+09,6.600000000000000000e+01,3.700000000000000000e+01
1.426023084555594921e+09,6.600000000000000000e+01,3.700000000000000000e+01
1.426023144955499887e+09,6.600000000000000000e+01,3.700000000000000000e+01
1.426023204747963905e+09,6.600000000000000000e+01,3.700000000000000000e+01
1.426023264600745916e+09,6.600000000000000000e+01,3.700000000000000000e+01
1.426023324953499079e+09,6.600000000000000000e+01,3.700000000000000000e+01
1.426023384754062891e+09,6.600000000000000000e+01,3.700000000000000000e+01
1.426023444513834953e+09,6.600000000000000000e+01,3.700000000000000000e+01
1.426023504332232952e+09,6.600000000000000000e+01,3.700000000000000000e+01
1.426023564653599024e+09,6.600000000000000000e+01,3.700000000000000000e+01
1.426023624455698013e+09,6.600000000000000000e+01,3.700000000000000000e+01
1.426023684851536036e+09,6.600000000000000000e+01,3.700000000000000000e+01
1.426023744698831081e+09,6.600000000000000000e+01,3.700000000000000000e+01
1.426023804627403021e+09,6.600000000000000000e+01,3.700000000000000000e+01
1.426023864477080107e+09,6.600000000000000000e+01,3.700000000000000000e+01
1.426023924328552008e+09,6.600000000000000000e+01,3.700000000000000000e+01
1.426023984107443094e+09,6.600000000000000000e+01,3.700000000000000000e+01
1.426024044914280891e+09,6.600000000000000000e+01,3.700000000000000000e+01
1.426024104756676912e+09,6.600000000000000000e+01,3.700000000000000000e+01
1.426024164545547009e+09,6.600000000000000000e+01,3.700000000000000000e+01
1.426024224394265890e+09,6.600000000000000000e+01,3.700000000000000000e+01
1.426024284198535919e+09,6.600000000000000000e+01,3.700000000000000000e+01
1.426024344569068909e+09,6.600000000000000000e+01,3.700000000000000000e+01
1.426024404932620049e+09,6.600000000000000000e+01,3.700000000000000000e+01
1.426024464301448107e+09,6.600000000000000000e+01,3.700000000000000000e+01
1.426024524088025093e+09,6.600000000000000000e+01,3.700000000000000000e+01
1.426024584979156971e+09,6.600000000000000000e+01,3.700000000000000000e+01
1.426024644776616096e+09,6.600000000000000000e+01,3.700000000000000000e+01
1.426024704152407885e+09,6.600000000000000000e+01,3.700000000000000000e+01
1.426024764949948072e+09,6.600000000000000000e+01,3.700000000000000000e+01
1.426024824769258976e+09,6.600000000000000000e+01,3.700000000000000000e+01
1.426024884676004887e+09,6.600000000000000000e+01,3.700000000000000000e+01
1.426024944558043003e+09,6.600000000000000000e+01,3.700000000000000000e+01
1.426025004481085062e+09,6.600000000000000000e+01,3.700000000000000000e+01
1.426025065018290997e+09,6.600000000000000000e+01,3.700000000000000000e+01
1.426025125457271099e+09,6.600000000000000000e+01,3.700000000000000000e+01
1.426025185427932978e+09,6.600000000000000000e+01,3.700000000000000000e+01
1.426025245399338007e+09,6.600000000000000000e+01,3.700000000000000000e+01
1.426025305325848103e+09,6.600000000000000000e+01,3.700000000000000000e+01
1.426025365826984882e+09,6.600000000000000000e+01,3.700000000000000000e+01
1.426025425319140911e+09,6.600000000000000000e+01,3.700000000000000000e+01
1.426025485215672016e+09,6.600000000000000000e+01,3.700000000000000000e+01
1.426025545673511028e+09,6.600000000000000000e+01,3.700000000000000000e+01
1.426025605587903023e+09,6.600000000000000000e+01,3.700000000000000000e+01
1.426025665045535088e+09,6.600000000000000000e+01,3.700000000000000000e+01
1.426025725535794020e+09,6.600000000000000000e+01,3.700000000000000000e+01
1.426025785522711992e+09,6.600000000000000000e+01,3.700000000000000000e+01
1.426025845418936968e+09,6.600000000000000000e+01,3.700000000000000000e+01
1.426025905384278059e+09,6.600000000000000000e+01,3.700000000000000000e+01
1.426025965286195040e+09,6.600000000000000000e+01,3.700000000000000000e+01
1.426026025788748980e+09,6.600000000000000000e+01,3.700000000000000000e+01
1.426026085692977905e+09,6.600000000000000000e+01,3.700000000000000000e+01
1.426026145652854919e+09,6.600000000000000000e+01,3.700000000000000000e+01
1.426026205558382988e+09,6.600000000000000000e+01,3.700000000000000000e+01
1.426026265052815914e+09,6.600000000000000000e+01,3.700000000000000000e+01
1.426026325973561049e+09,6.600000000000000000e+01,3.700000000000000000e+01
1.426026385941365957e+09,6.600000000000000000e+01,3.700000000000000000e+01
1.426026445385586023e+09,6.600000000000000000e+01,3.700000000000000000e+01
1.426026505317315102e+09,6.600000000000000000e+01,3.700000000000000000e+01
1.426026565257010937e+09,6.600000000000000000e+01,3.700000000000000000e+01
1.426026625684640884e+09,6.600000000000000000e+01,3.700000000000000000e+01
1.426026685121170044e+09,6.600000000000000000e+01,3.700000000000000000e+01
1.426026745609747887e+09,6.600000000000000000e+01,3.700000000000000000e+01
1.426026805561947107e+09,6.600000000000000000e+01,3.700000000000000000e+01
1.426026865052001953e+09,6.600000000000000000e+01,3.700000000000000000e+01
1.426026925964669943e+09,6.600000000000000000e+01,3.700000000000000000e+01
1.426026985870284081e+09,6.600000000000000000e+01,3.700000000000000000e+01
1.426027045767642021e+09,6.600000000000000000e+01,3.700000000000000000e+01
1.426027105686697006e+09,6.600000000000000000e+01,3.700000000000000000e+01
1.426027165731781006e+09,6.600000000000000000e+01,3.700000000000000000e+01
1.426027225677968025e+09,6.600000000000000000e+01,3.700000000000000000e+01
1.426027285582113028e+09,6.600000000000000000e+01,3.700000000000000000e+01
1.426027345570691109e+09,6.600000000000000000e+01,3.700000000000000000e+01
1.426027405563724995e+09,6.600000000000000000e+01,3.700000000000000000e+01
1.426027465546675920e+09,6.600000000000000000e+01,3.700000000000000000e+01
1.426027525509845972e+09,6.600000000000000000e+01,3.700000000000000000e+01
1.426027585045546055e+09,6.600000000000000000e+01,3.700000000000000000e+01
1.426027645969279051e+09,6.600000000000000000e+01,3.700000000000000000e+01
1.426027705461731911e+09,6.600000000000000000e+01,3.700000000000000000e+01
1.426027765443207026e+09,6.600000000000000000e+01,3.700000000000000000e+01
1.426027825442724943e+09,6.600000000000000000e+01,3.700000000000000000e+01
1.426027885338304996e+09,6.600000000000000000e+01,3.700000000000000000e+01
1.426027945237262011e+09,6.600000000000000000e+01,3.700000000000000000e+01
1.426028005726044893e+09,6.600000000000000000e+01,3.700000000000000000e+01
1.426028065232538939e+09,6.600000000000000000e+01,3.700000000000000000e+01
1.426028125176127911e+09,6.600000000000000000e+01,3.700000000000000000e+01
1.426028185692846060e+09,6.600000000000000000e+01,3.700000000000000000e+01
1.426028245662825108e+09,6.600000000000000000e+01,3.700000000000000000e+01
1.426028305181817055e+09,6.600000000000000000e+01,3.700000000000000000e+01
1.426028365198832035e+09,6.600000000000000000e+01,3.700000000000000000e+01
1.426028425161052942e+09,6.600000000000000000e+01,3.700000000000000000e+01
1.426028485228759050e+09,6.600000000000000000e+01,3.700000000000000000e+01
1.426028545156568050e+09,6.600000000000000000e+01,3.700000000000000000e+01
1.426028605607321024e+09,6.600000000000000000e+01,3.700000000000000000e+01
1.426028665583273888e+09,6.600000000000000000e+01,3.700000000000000000e+01
1.426028726045535088e+09,6.600000000000000000e+01,3.700000000000000000e+01
1.426028786055227995e+09,6.600000000000000000e+01,3.700000000000000000e+01
1.426028847032665014e+09,6.600000000000000000e+01,3.700000000000000000e+01
1.426028907968255997e+09,6.600000000000000000e+01,3.700000000000000000e+01
1.426028967986907959e+09,6.600000000000000000e+01,3.700000000000000000e+01
1.426029027970551968e+09,6.600000000000000000e+01,3.700000000000000000e+01
1.426029087424443960e+09,6.600000000000000000e+01,3.700000000000000000e+01
1.426029147365551949e+09,6.600000000000000000e+01,3.700000000000000000e+01
1.426029207908058882e+09,6.600000000000000000e+01,3.700000000000000000e+01
1.426029267440685987e+09,6.600000000000000000e+01,3.700000000000000000e+01
1.426029327415082932e+09,6.600000000000000000e+01,3.700000000000000000e+01
1.426029387417295933e+09,6.600000000000000000e+01,3.700000000000000000e+01
1.426029447458087921e+09,6.600000000000000000e+01,3.700000000000000000e+01
1.426029507461205959e+09,6.600000000000000000e+01,3.700000000000000000e+01
1.426029567477655888e+09,6.600000000000000000e+01,3.700000000000000000e+01
1.426029627545675993e+09,6.600000000000000000e+01,3.700000000000000000e+01
1.426029687504827976e+09,6.600000000000000000e+01,3.700000000000000000e+01
1.426029747586247921e+09,6.600000000000000000e+01,3.700000000000000000e+01
1.426029807620791912e+09,6.600000000000000000e+01,3.700000000000000000e+01
1.426029867641880035e+09,6.600000000000000000e+01,3.700000000000000000e+01
1.426029927137742043e+09,6.600000000000000000e+01,3.700000000000000000e+01
1.426029987148828983e+09,6.400000000000000000e+01,3.800000000000000000e+01
1.426030047303982019e+09,6.600000000000000000e+01,3.700000000000000000e+01
1.426030107868499994e+09,6.400000000000000000e+01,3.800000000000000000e+01
1.426030167955126047e+09,6.600000000000000000e+01,3.700000000000000000e+01
1.426030227202653885e+09,6.600000000000000000e+01,3.700000000000000000e+01
1.426030287327730894e+09,6.400000000000000000e+01,3.800000000000000000e+01
1.426030347985100985e+09,6.600000000000000000e+01,3.700000000000000000e+01
1.426030407133902073e+09,6.400000000000000000e+01,3.800000000000000000e+01
1.426030467289302111e+09,6.600000000000000000e+01,3.700000000000000000e+01
1.426030527370934010e+09,6.600000000000000000e+01,3.700000000000000000e+01
1.426030587563741922e+09,6.600000000000000000e+01,3.700000000000000000e+01
1.426030647732605934e+09,6.400000000000000000e+01,3.800000000000000000e+01
1.426030707865407944e+09,6.600000000000000000e+01,3.700000000000000000e+01
1.426030767988922119e+09,6.400000000000000000e+01,3.800000000000000000e+01
1.426030827641494036e+09,6.600000000000000000e+01,3.700000000000000000e+01
1.426030887313752890e+09,6.400000000000000000e+01,3.800000000000000000e+01
1.426030947367558956e+09,6.400000000000000000e+01,3.800000000000000000e+01
1.426031007462088108e+09,6.400000000000000000e+01,3.800000000000000000e+01
1.426031067546925068e+09,6.600000000000000000e+01,3.700000000000000000e+01
1.426031127176588058e+09,6.600000000000000000e+01,3.700000000000000000e+01
1.426031187351331949e+09,6.600000000000000000e+01,3.700000000000000000e+01
1.426031247437179089e+09,6.600000000000000000e+01,3.700000000000000000e+01
1.426031307601912022e+09,6.600000000000000000e+01,3.700000000000000000e+01
1.426031367718482018e+09,6.600000000000000000e+01,3.800000000000000000e+01
1.426031427859071016e+09,6.600000000000000000e+01,3.800000000000000000e+01
1.426031487525012970e+09,6.600000000000000000e+01,3.800000000000000000e+01
1.426031547601355076e+09,6.600000000000000000e+01,3.800000000000000000e+01
1.426031607796742916e+09,6.600000000000000000e+01,3.800000000000000000e+01
1.426031667917884111e+09,6.600000000000000000e+01,3.800000000000000000e+01
1.426031727483351946e+09,6.600000000000000000e+01,3.800000000000000000e+01
1.426031787403583050e+09,6.600000000000000000e+01,3.800000000000000000e+01
1.426031847261693954e+09,6.600000000000000000e+01,3.800000000000000000e+01
1.426031907184828997e+09,6.600000000000000000e+01,3.800000000000000000e+01
1.426031967105734110e+09,6.600000000000000000e+01,3.800000000000000000e+01
1.426032027107326984e+09,6.600000000000000000e+01,3.800000000000000000e+01
1.426032087136549950e+09,6.600000000000000000e+01,3.800000000000000000e+01
1.426032147090425968e+09,6.600000000000000000e+01,3.800000000000000000e+01
1.426032207103159904e+09,6.600000000000000000e+01,3.800000000000000000e+01
1.426032267640420914e+09,6.600000000000000000e+01,3.800000000000000000e+01
1.426032327133902073e+09,6.600000000000000000e+01,3.800000000000000000e+01
1.426032387428699970e+09,6.600000000000000000e+01,3.800000000000000000e+01
1.426032447823127985e+09,6.600000000000000000e+01,3.800000000000000000e+01
1.426032507193454981e+09,6.600000000000000000e+01,3.800000000000000000e+01
1.426032567072385073e+09,6.600000000000000000e+01,3.800000000000000000e+01
1.426032627949264050e+09,6.600000000000000000e+01,3.800000000000000000e+01
1.426032687823951006e+09,6.600000000000000000e+01,3.800000000000000000e+01
1.426032747207391024e+09,6.600000000000000000e+01,3.800000000000000000e+01
1.426032807575697899e+09,6.600000000000000000e+01,3.800000000000000000e+01
1.426032867998327017e+09,6.600000000000000000e+01,3.800000000000000000e+01
1.426032927982108116e+09,6.600000000000000000e+01,3.800000000000000000e+01
1.426032987419295073e+09,6.600000000000000000e+01,3.800000000000000000e+01
1.426033047319825888e+09,6.600000000000000000e+01,3.800000000000000000e+01
1.426033107741799116e+09,6.600000000000000000e+01,3.800000000000000000e+01
1.426033167188378096e+09,6.800000000000000000e+01,3.800000000000000000e+01
1.426033227157468081e+09,6.600000000000000000e+01,3.800000000000000000e+01
1.426033287133950949e+09,6.600000000000000000e+01,3.800000000000000000e+01
1.426033347448848009e+09,6.600000000000000000e+01,3.800000000000000000e+01
1.426033407311314106e+09,6.600000000000000000e+01,3.800000000000000000e+01
1.426033467668947935e+09,6.800000000000000000e+01,3.800000000000000000e+01
1.426033527074778080e+09,6.800000000000000000e+01,3.700000000000000000e+01
1.426033587946171045e+09,6.800000000000000000e+01,3.800000000000000000e+01
1.426033647921015978e+09,6.800000000000000000e+01,3.800000000000000000e+01
1.426033707825467110e+09,6.800000000000000000e+01,3.800000000000000000e+01
1.426033767703854084e+09,6.800000000000000000e+01,3.800000000000000000e+01
1.426033827179827929e+09,6.800000000000000000e+01,3.800000000000000000e+01
1.426033887522916079e+09,6.800000000000000000e+01,3.800000000000000000e+01
1.426033947433548927e+09,6.800000000000000000e+01,3.800000000000000000e+01
1.426034007777966022e+09,6.800000000000000000e+01,3.800000000000000000e+01
1.426034067156225920e+09,6.800000000000000000e+01,3.800000000000000000e+01
1.426034127078476906e+09,6.800000000000000000e+01,3.800000000000000000e+01
1.426034187986000061e+09,6.800000000000000000e+01,3.800000000000000000e+01
1.426034247364378929e+09,6.800000000000000000e+01,3.800000000000000000e+01
1.426034307795542002e+09,6.800000000000000000e+01,3.800000000000000000e+01
1.426034367735656977e+09,6.800000000000000000e+01,3.800000000000000000e+01
1.426034427133912086e+09,6.800000000000000000e+01,3.800000000000000000e+01
1.426034487055078030e+09,6.800000000000000000e+01,3.800000000000000000e+01
1.426034547430365086e+09,6.800000000000000000e+01,3.800000000000000000e+01
1.426034607329583883e+09,6.800000000000000000e+01,3.800000000000000000e+01
1.426034667206849098e+09,6.800000000000000000e+01,3.800000000000000000e+01
1.426034727639283895e+09,6.800000000000000000e+01,3.800000000000000000e+01
1.426034787063302040e+09,6.800000000000000000e+01,3.800000000000000000e+01
1.426034847502643108e+09,6.800000000000000000e+01,3.800000000000000000e+01
1.426034907901544094e+09,6.800000000000000000e+01,3.800000000000000000e+01
1.426034967808387995e+09,6.800000000000000000e+01,3.800000000000000000e+01
1.426035027767273903e+09,6.800000000000000000e+01,3.800000000000000000e+01
1.426035087697289944e+09,6.800000000000000000e+01,3.800000000000000000e+01
1.426035147095611095e+09,6.800000000000000000e+01,3.800000000000000000e+01
1.426035207531341076e+09,6.800000000000000000e+01,3.800000000000000000e+01
1.426035267954699039e+09,6.800000000000000000e+01,3.700000000000000000e+01
1.426035327417112112e+09,6.800000000000000000e+01,3.700000000000000000e+01
1.426035387769808054e+09,6.800000000000000000e+01,3.800000000000000000e+01
1.426035447233244896e+09,6.800000000000000000e+01,3.800000000000000000e+01
1.426035507689306021e+09,6.800000000000000000e+01,3.800000000000000000e+01
1.426035567592956066e+09,6.800000000000000000e+01,3.700000000000000000e+01
1.426035627070676088e+09,6.800000000000000000e+01,3.800000000000000000e+01
1.426035687551573038e+09,6.800000000000000000e+01,3.800000000000000000e+01
1.426035748006423950e+09,6.800000000000000000e+01,3.700000000000000000e+01
1.426035808552031040e+09,6.800000000000000000e+01,3.700000000000000000e+01
1.426035932170351982e+09,6.800000000000000000e+01,3.800000000000000000e+01
1.426035992133990049e+09,6.800000000000000000e+01,3.800000000000000000e+01
1.426036052692941904e+09,6.800000000000000000e+01,3.800000000000000000e+01
1.426036112049042940e+09,6.800000000000000000e+01,3.800000000000000000e+01
1.426036172490940094e+09,6.800000000000000000e+01,3.800000000000000000e+01
1.426036232203308105e+09,6.800000000000000000e+01,3.800000000000000000e+01
1.426036292491954088e+09,3.900000000000000000e+01,3.800000000000000000e+01
1.426036352559557915e+09,6.800000000000000000e+01,3.800000000000000000e+01
1.426036412295908928e+09,6.800000000000000000e+01,3.800000000000000000e+01
1.426036472707382917e+09,6.800000000000000000e+01,3.800000000000000000e+01
1.426036532487782001e+09,6.800000000000000000e+01,3.800000000000000000e+01
1.426036592477873087e+09,6.800000000000000000e+01,3.800000000000000000e+01
