1.425790812863250971e+09,6.800000000000000000e+01,3.700000000000000000e+01
1.425790872879452944e+09,6.800000000000000000e+01,3.700000000000000000e+01
1.425790932120708942e+09,6.800000000000000000e+01,3.700000000000000000e+01
1.425790992105658054e+09,6.800000000000000000e+01,3.700000000000000000e+01
1.425791052647478104e+09,6.800000000000000000e+01,3.700000000000000000e+01
1.425791112933834076e+09,6.800000000000000000e+01,3.700000000000000000e+01
1.425791172855118990e+09,6.800000000000000000e+01,3.700000000000000000e+01
1.425791232685075045e+09,6.800000000000000000e+01,3.700000000000000000e+01
1.425791292452815056e+09,6.800000000000000000e+01,3.700000000000000000e+01
1.425791352289135933e+09,6.800000000000000000e+01,3.700000000000000000e+01
1.425791412270042896e+09,6.800000000000000000e+01,3.700000000000000000e+01
1.425791472394639015e+09,6.800000000000000000e+01,3.700000000000000000e+01
1.425791532156668901e+09,6.800000000000000000e+01,3.700000000000000000e+01
1.425791592750910997e+09,6.800000000000000000e+01,3.700000000000000000e+01
1.425791652186599016e+09,6.800000000000000000e+01,3.700000000000000000e+01
1.425791712590643883e+09,6.800000000000000000e+01,3.700000000000000000e+01
1.425791772062469006e+09,6.800000000000000000e+01,3.700000000000000000e+01
1.425791832487430096e+09,6.800000000000000000e+01,3.700000000000000000e+01
1.425791892986193895e+09,6.800000000000000000e+01,3.700000000000000000e+01
1.425791952541817904e+09,6.800000000000000000e+01,3.600000000000000000e+01
1.425792012655600071e+09,6.800000000000000000e+01,3.700000000000000000e+01
1.425792072295691013e+09,6.800000000000000000e+01,3.700000000000000000e+01
1.425792132472851038e+09,6.800000000000000000e+01,3.700000000000000000e+01
1.425792192592299938e+09,6.800000000000000000e+01,3.700000000000000000e+01
1.425792252313833952e+09,6.800000000000000000e+01,3.700000000000000000e+01
1.425792312056076050e+09,6.800000000000000000e+01,3.700000000000000000e+01
1.425792372345936060e+09,6.800000000000000000e+01,3.700000000000000000e+01
1.425792432800245047e+09,6.800000000000000000e+01,3.700000000000000000e+01
1.425792492817210913e+09,6.800000000000000000e+01,3.700000000000000000e+01
1.425792552834394932e+09,6.800000000000000000e+01,3.700000000000000000e+01
1.425792612353684902e+09,6.800000000000000000e+01,3.700000000000000000e+01
1.425792672409610033e+09,6.800000000000000000e+01,3.700000000000000000e+01
1.425792732951025963e+09,6.800000000000000000e+01,3.700000000000000000e+01
1.425792792527695894e+09,6.800000000000000000e+01,3.700000000000000000e+01
1.425792852699841022e+09,6.800000000000000000e+01,3.700000000000000000e+01
1.425792912374958038e+09,6.800000000000000000e+01,3.700000000000000000e+01
1.425792972071356058e+09,6.800000000000000000e+01,3.700000000000000000e+01
1.425793032795557022e+09,6.800000000000000000e+01,3.700000000000000000e+01
1.425793092521516085e+09,6.800000000000000000e+01,3.700000000000000000e+01
1.425793152831433058e+09,6.800000000000000000e+01,3.700000000000000000e+01
1.425793212202109098e+09,6.800000000000000000e+01,3.700000000000000000e+01
1.425793272997524023e+09,6.800000000000000000e+01,3.700000000000000000e+01
1.425793332795555115e+09,6.800000000000000000e+01,3.700000000000000000e+01
1.425793392637553930e+09,6.800000000000000000e+01,3.700000000000000000e+01
1.425793452602881908e+09,6.800000000000000000e+01,3.700000000000000000e+01
1.425793512097695112e+09,6.800000000000000000e+01,3.700000000000000000e+01
1.425793572187052011e+09,6.800000000000000000e+01,3.700000000000000000e+01
1.425793632096560955e+09,6.800000000000000000e+01,3.700000000000000000e+01
1.425793692086210012e+09,6.800000000000000000e+01,3.700000000000000000e+01
1.425793752170023918e+09,6.800000000000000000e+01,3.700000000000000000e+01
1.425793812246752024e+09,6.800000000000000000e+01,3.700000000000000000e+01
1.425793872305685997e+09,6.800000000000000000e+01,3.700000000000000000e+01
1.425793932440316916e+09,6.800000000000000000e+01,3.700000000000000000e+01
1.425793992162333012e+09,6.800000000000000000e+01,3.700000000000000000e+01
1.425794052864696980e+09,6.800000000000000000e+01,3.700000000000000000e+01
1.425794112645477057e+09,6.800000000000000000e+01,3.700000000000000000e+01
1.425794172967431068e+09,6.800000000000000000e+01,3.700000000000000000e+01
1.425794232737457991e+09,6.800000000000000000e+01,3.700000000000000000e+01
1.425794293037283897e+09,6.800000000000000000e+01,3.700000000000000000e+01
1.425794353870465040e+09,6.800000000000000000e+01,3.700000000000000000e+01
1.425794413669823885e+09,6.800000000000000000e+01,3.700000000000000000e+01
1.425794473451035023e+09,6.800000000000000000e+01,3.700000000000000000e+01
1.425794533255584002e+09,6.800000000000000000e+01,3.700000000000000000e+01
1.425794593058177948e+09,6.800000000000000000e+01,3.700000000000000000e+01
1.425794653869478941e+09,6.800000000000000000e+01,3.700000000000000000e+01
1.425794713665801048e+09,6.800000000000000000e+01,3.700000000000000000e+01
1.425794773360534906e+09,6.800000000000000000e+01,3.700000000000000000e+01
1.425794833545523882e+09,6.800000000000000000e+01,3.700000000000000000e+01
1.425794893742023945e+09,6.800000000000000000e+01,3.700000000000000000e+01
1.425794953416513920e+09,6.800000000000000000e+01,3.700000000000000000e+01
1.425795013605504990e+09,6.800000000000000000e+01,3.700000000000000000e+01
1.425795073271913052e+09,6.800000000000000000e+01,3.700000000000000000e+01
1.425795133972989082e+09,6.800000000000000000e+01,3.700000000000000000e+01
1.425795193724968910e+09,6.800000000000000000e+01,3.700000000000000000e+01
1.425795253475711107e+09,6.800000000000000000e+01,3.700000000000000000e+01
1.425795313205368042e+09,6.800000000000000000e+01,3.700000000000000000e+01
1.425795373055589914e+09,6.800000000000000000e+01,3.700000000000000000e+01
1.425795433900491953e+09,6.800000000000000000e+01,3.700000000000000000e+01
1.425795493728763103e+09,6.800000000000000000e+01,3.700000000000000000e+01
1.425795553566421986e+09,6.800000000000000000e+01,3.700000000000000000e+01
1.425795613444909096e+09,6.800000000000000000e+01,3.700000000000000000e+01
1.425795673278879881e+09,6.800000000000000000e+01,3.700000000000000000e+01
1.425795733094414949e+09,6.800000000000000000e+01,3.700000000000000000e+01
1.425795793937395096e+09,6.800000000000000000e+01,3.700000000000000000e+01
1.425795853284565926e+09,6.800000000000000000e+01,3.700000000000000000e+01
1.425795913133987904e+09,6.800000000000000000e+01,3.700000000000000000e+01
1.425795973063467979e+09,6.800000000000000000e+01,3.700000000000000000e+01
1.425796033050865889e+09,6.800000000000000000e+01,3.700000000000000000e+01
1.425796093078171968e+09,6.800000000000000000e+01,3.700000000000000000e+01
1.425796154053452969e+09,6.800000000000000000e+01,3.700000000000000000e+01
1.425796214566915035e+09,6.800000000000000000e+01,3.700000000000000000e+01
1.425796274572138071e+09,6.800000000000000000e+01,3.700000000000000000e+01
1.425796334568945885e+09,6.800000000000000000e+01,3.700000000000000000e+01
1.425796394089359999e+09,6.800000000000000000e+01,3.700000000000000000e+01
1.425796454070323944e+09,6.800000000000000000e+01,3.700000000000000000e+01
1.425796514054996014e+09,6.800000000000000000e+01,3.700000000000000000e+01
1.425796574283540010e+09,6.800000000000000000e+01,3.700000000000000000e+01
1.425796634380374908e+09,6.800000000000000000e+01,3.700000000000000000e+01
1.425796694461627007e+09,6.800000000000000000e+01,3.700000000000000000e+01
1.425796754531255007e+09,6.800000000000000000e+01,3.700000000000000000e+01
1.425796814150221109e+09,6.800000000000000000e+01,3.700000000000000000e+01
1.425796874261584997e+09,6.800000000000000000e+01,3.700000000000000000e+01
1.425796934133949995e+09,6.800000000000000000e+01,3.700000000000000000e+01
1.425796994512792110e+09,6.800000000000000000e+01,3.700000000000000000e+01
1.425797054348134995e+09,6.800000000000000000e+01,3.700000000000000000e+01
1.425797114757059097e+09,6.800000000000000000e+01,3.700000000000000000e+01
1.425797174635783911e+09,6.800000000000000000e+01,3.700000000000000000e+01
1.425797235000104904e+09,6.800000000000000000e+01,3.700000000000000000e+01
1.425797294399795055e+09,6.800000000000000000e+01,3.700000000000000000e+01
1.425797354295604944e+09,6.800000000000000000e+01,3.700000000000000000e+01
1.425797414179167032e+09,6.800000000000000000e+01,3.700000000000000000e+01
1.425797474045651913e+09,6.800000000000000000e+01,3.700000000000000000e+01
1.425797534942080975e+09,6.800000000000000000e+01,3.700000000000000000e+01
1.425797594805377960e+09,6.800000000000000000e+01,3.700000000000000000e+01
1.425797654795526981e+09,6.800000000000000000e+01,3.700000000000000000e+01
1.425797714732646942e+09,6.800000000000000000e+01,3.700000000000000000e+01
1.425797774269829035e+09,6.800000000000000000e+01,3.700000000000000000e+01
1.425797834295598030e+09,6.800000000000000000e+01,3.700000000000000000e+01
1.425797894840909004e+09,6.800000000000000000e+01,3.700000000000000000e+01
1.425797954822724104e+09,6.800000000000000000e+01,3.700000000000000000e+01
1.425798014349868059e+09,6.800000000000000000e+01,3.700000000000000000e+01
1.425798074096658945e+09,6.800000000000000000e+01,3.700000000000000000e+01
1.425798134842071056e+09,6.800000000000000000e+01,3.700000000000000000e+01
1.425798194101706028e+09,6.800000000000000000e+01,3.700000000000000000e+01
1.425798254840856075e+09,6.800000000000000000e+01,3.700000000000000000e+01
1.425798314145603895e+09,6.800000000000000000e+01,3.700000000000000000e+01
1.425798374878899097e+09,6.800000000000000000e+01,3.700000000000000000e+01
1.425798434629688025e+09,6.800000000000000000e+01,3.700000000000000000e+01
1.425798494886322975e+09,6.800000000000000000e+01,3.700000000000000000e+01
1.425798554619723082e+09,6.800000000000000000e+01,3.700000000000000000e+01
1.425798614350327969e+09,6.800000000000000000e+01,3.700000000000000000e+01
1.425798675045531988e+09,6.800000000000000000e+01,3.700000000000000000e+01
1.425798735747639894e+09,6.800000000000000000e+01,3.700000000000000000e+01
1.425798795508222103e+09,6.800000000000000000e+01,3.700000000000000000e+01
1.425798855215858936e+09,6.800000000000000000e+01,3.700000000000000000e+01
1.425798915918252945e+09,6.800000000000000000e+01,3.700000000000000000e+01
1.425798975739293098e+09,6.800000000000000000e+01,3.700000000000000000e+01
1.425799035545669079e+09,6.800000000000000000e+01,3.700000000000000000e+01
1.425799095936988115e+09,6.800000000000000000e+01,3.700000000000000000e+01
1.425799155716547966e+09,6.800000000000000000e+01,3.700000000000000000e+01
1.425799215078840971e+09,6.800000000000000000e+01,3.700000000000000000e+01
1.425799275970709085e+09,6.800000000000000000e+01,3.700000000000000000e+01
1.425799335306602001e+09,6.800000000000000000e+01,3.700000000000000000e+01
1.425799395237034082e+09,6.800000000000000000e+01,3.700000000000000000e+01
1.425799455133944988e+09,6.800000000000000000e+01,3.700000000000000000e+01
1.425799515545617104e+09,6.800000000000000000e+01,3.700000000000000000e+01
1.425799575440556049e+09,6.800000000000000000e+01,3.700000000000000000e+01
1.425799635325860023e+09,6.800000000000000000e+01,3.700000000000000000e+01
1.425799695725558043e+09,6.800000000000000000e+01,3.700000000000000000e+01
1.425799755787235975e+09,6.800000000000000000e+01,3.700000000000000000e+01
1.425799815163669109e+09,6.800000000000000000e+01,3.700000000000000000e+01
1.425799876045595884e+09,6.800000000000000000e+01,3.700000000000000000e+01
1.425799936990488052e+09,6.800000000000000000e+01,3.700000000000000000e+01
1.425799996873908043e+09,6.800000000000000000e+01,3.700000000000000000e+01
1.425800056759768009e+09,6.800000000000000000e+01,3.700000000000000000e+01
1.425800116601849079e+09,6.800000000000000000e+01,3.700000000000000000e+01
1.425800176468554974e+09,6.800000000000000000e+01,3.700000000000000000e+01
1.425800236331820965e+09,6.800000000000000000e+01,3.700000000000000000e+01
1.425800296239584923e+09,6.800000000000000000e+01,3.700000000000000000e+01
1.425800356104331017e+09,6.800000000000000000e+01,3.700000000000000000e+01
1.425800416504247904e+09,6.800000000000000000e+01,3.700000000000000000e+01
1.425800476413888931e+09,6.800000000000000000e+01,3.700000000000000000e+01
1.425800536813822985e+09,6.800000000000000000e+01,3.700000000000000000e+01
1.425800596715581894e+09,6.800000000000000000e+01,3.700000000000000000e+01
1.425800656578397036e+09,6.800000000000000000e+01,3.700000000000000000e+01
1.425800716444446087e+09,6.800000000000000000e+01,3.700000000000000000e+01
1.425800776426739931e+09,6.800000000000000000e+01,3.700000000000000000e+01
1.425800836412760019e+09,6.800000000000000000e+01,3.700000000000000000e+01
1.425800896360084057e+09,6.800000000000000000e+01,3.700000000000000000e+01
1.425800956918363094e+09,6.800000000000000000e+01,3.700000000000000000e+01
1.425801016889616013e+09,6.800000000000000000e+01,3.700000000000000000e+01
1.425801076925383091e+09,6.800000000000000000e+01,3.700000000000000000e+01
1.425801136929593086e+09,6.800000000000000000e+01,3.700000000000000000e+01
1.425801196919677973e+09,6.800000000000000000e+01,3.700000000000000000e+01
1.425801256936743021e+09,6.800000000000000000e+01,3.700000000000000000e+01
1.425801317002000093e+09,6.800000000000000000e+01,3.700000000000000000e+01
1.425801377058665037e+09,6.800000000000000000e+01,3.700000000000000000e+01
1.425801437133923054e+09,6.800000000000000000e+01,3.700000000000000000e+01
1.425801497175909042e+09,6.800000000000000000e+01,3.700000000000000000e+01
1.425801557209661961e+09,6.800000000000000000e+01,3.700000000000000000e+01
1.425801617755975962e+09,6.800000000000000000e+01,3.700000000000000000e+01
1.425801677814174891e+09,6.800000000000000000e+01,3.700000000000000000e+01
1.425801737893446922e+09,6.800000000000000000e+01,3.700000000000000000e+01
1.425801797490616083e+09,6.800000000000000000e+01,3.700000000000000000e+01
1.425801857098989964e+09,6.800000000000000000e+01,3.700000000000000000e+01
1.425801917182816029e+09,6.800000000000000000e+01,3.700000000000000000e+01
1.425801977254596949e+09,6.800000000000000000e+01,3.700000000000000000e+01
1.425802037372848988e+09,6.800000000000000000e+01,3.700000000000000000e+01
1.425802097952842951e+09,6.800000000000000000e+01,3.700000000000000000e+01
1.425802157585521936e+09,6.800000000000000000e+01,3.700000000000000000e+01
1.425802217667730093e+09,6.800000000000000000e+01,3.700000000000000000e+01
1.425802277735429049e+09,6.800000000000000000e+01,3.700000000000000000e+01
1.425802337307317972e+09,6.800000000000000000e+01,3.700000000000000000e+01
1.425802397409858942e+09,6.800000000000000000e+01,3.700000000000000000e+01
1.425802457485774040e+09,6.800000000000000000e+01,3.700000000000000000e+01
1.425802517527646065e+09,6.800000000000000000e+01,3.700000000000000000e+01
1.425802577676136971e+09,6.800000000000000000e+01,3.700000000000000000e+01
1.425802637376023054e+09,6.800000000000000000e+01,3.700000000000000000e+01
1.425802697498176098e+09,6.800000000000000000e+01,3.700000000000000000e+01
1.425802757637635946e+09,6.800000000000000000e+01,3.700000000000000000e+01
1.425802817490634918e+09,6.800000000000000000e+01,3.700000000000000000e+01
1.425802877340692997e+09,6.800000000000000000e+01,3.700000000000000000e+01
1.425802937735707998e+09,6.800000000000000000e+01,3.700000000000000000e+01
1.425802997133914948e+09,6.800000000000000000e+01,3.700000000000000000e+01
1.425803058045555115e+09,6.800000000000000000e+01,3.700000000000000000e+01
1.425803118949136019e+09,6.800000000000000000e+01,3.700000000000000000e+01
1.425803178797837973e+09,6.800000000000000000e+01,3.700000000000000000e+01
1.425803238682863951e+09,6.800000000000000000e+01,3.700000000000000000e+01
1.425803298595393896e+09,6.800000000000000000e+01,3.700000000000000000e+01
1.425803358497601986e+09,6.800000000000000000e+01,3.700000000000000000e+01
1.425803418389983892e+09,6.800000000000000000e+01,3.700000000000000000e+01
1.425803478234890938e+09,6.800000000000000000e+01,3.700000000000000000e+01
1.425803538146586895e+09,6.800000000000000000e+01,3.700000000000000000e+01
1.425803598065630913e+09,6.800000000000000000e+01,3.700000000000000000e+01
1.425803658967087984e+09,6.800000000000000000e+01,3.700000000000000000e+01
1.425803718344826937e+09,6.800000000000000000e+01,3.700000000000000000e+01
1.425803778257153988e+09,6.800000000000000000e+01,3.700000000000000000e+01
1.425803838646502972e+09,6.800000000000000000e+01,3.700000000000000000e+01
1.425803898545619011e+09,6.800000000000000000e+01,3.700000000000000000e+01
1.425803958988539934e+09,6.800000000000000000e+01,3.700000000000000000e+01
1.425804018910629034e+09,6.800000000000000000e+01,3.700000000000000000e+01
1.425804078799525976e+09,6.800000000000000000e+01,3.700000000000000000e+01
1.425804138681283951e+09,6.800000000000000000e+01,3.700000000000000000e+01
1.425804198630122900e+09,6.800000000000000000e+01,3.700000000000000000e+01
1.425804258545595884e+09,6.800000000000000000e+01,3.700000000000000000e+01
1.425804318433654070e+09,6.800000000000000000e+01,3.700000000000000000e+01
1.425804378970274925e+09,6.800000000000000000e+01,3.700000000000000000e+01
1.425804438108556986e+09,6.900000000000000000e+01,3.600000000000000000e+01
1.425804498156486988e+09,6.800000000000000000e+01,3.700000000000000000e+01
1.425804558748215914e+09,6.800000000000000000e+01,3.700000000000000000e+01
1.425804618842308998e+09,6.900000000000000000e+01,3.600000000000000000e+01
1.425804678908483028e+09,6.900000000000000000e+01,3.600000000000000000e+01
1.425804739045602083e+09,6.900000000000000000e+01,3.600000000000000000e+01
1.425804799144777060e+09,6.900000000000000000e+01,3.600000000000000000e+01
1.425804859312422037e+09,6.900000000000000000e+01,3.600000000000000000e+01
1.425804919968453884e+09,6.900000000000000000e+01,3.600000000000000000e+01
1.425804979085550070e+09,6.900000000000000000e+01,3.600000000000000000e+01
1.425805039714261055e+09,6.900000000000000000e+01,3.600000000000000000e+01
1.425805099307509899e+09,6.900000000000000000e+01,3.600000000000000000e+01
1.425805159927150965e+09,6.900000000000000000e+01,3.600000000000000000e+01
1.425805219517252922e+09,6.900000000000000000e+01,3.600000000000000000e+01
1.425805279694370985e+09,6.900000000000000000e+01,3.600000000000000000e+01
1.425805339336414099e+09,6.800000000000000000e+01,3.700000000000000000e+01
1.425805399505537033e+09,6.900000000000000000e+01,3.600000000000000000e+01
1.425805459171737909e+09,6.800000000000000000e+01,3.700000000000000000e+01
1.425805519858604908e+09,6.900000000000000000e+01,3.600000000000000000e+01
1.425805579045574903e+09,6.900000000000000000e+01,3.600000000000000000e+01
1.425805639295620918e+09,6.900000000000000000e+01,3.600000000000000000e+01
1.425805699969257116e+09,6.800000000000000000e+01,3.700000000000000000e+01
1.425805759724349022e+09,6.800000000000000000e+01,3.700000000000000000e+01
1.425805819885411024e+09,6.800000000000000000e+01,3.700000000000000000e+01
1.425805879520250082e+09,6.800000000000000000e+01,3.700000000000000000e+01
1.425805939709074020e+09,6.800000000000000000e+01,3.700000000000000000e+01
1.425805999379971981e+09,6.800000000000000000e+01,3.700000000000000000e+01
1.425806059080816984e+09,6.800000000000000000e+01,3.700000000000000000e+01
1.425806119709692001e+09,6.800000000000000000e+01,3.700000000000000000e+01
1.425806179343861103e+09,6.900000000000000000e+01,3.600000000000000000e+01
1.425806239555586100e+09,6.800000000000000000e+01,3.700000000000000000e+01
1.425806299271049023e+09,6.800000000000000000e+01,3.700000000000000000e+01
1.425806359490014076e+09,6.800000000000000000e+01,3.700000000000000000e+01
1.425806419684510946e+09,6.800000000000000000e+01,3.700000000000000000e+01
1.425806479374985933e+09,6.800000000000000000e+01,3.700000000000000000e+01
1.425806539071114063e+09,6.800000000000000000e+01,3.700000000000000000e+01
1.425806599244785070e+09,6.800000000000000000e+01,3.700000000000000000e+01
1.425806659416595936e+09,6.800000000000000000e+01,3.700000000000000000e+01
1.425806719066006899e+09,6.800000000000000000e+01,3.700000000000000000e+01
1.425806779295610905e+09,6.900000000000000000e+01,3.600000000000000000e+01
1.425806839951924086e+09,3.900000000000000000e+01,3.700000000000000000e+01
1.425806899311964989e+09,6.800000000000000000e+01,3.700000000000000000e+01
1.425806959280817986e+09,6.800000000000000000e+01,3.700000000000000000e+01
1.425807019682872057e+09,6.800000000000000000e+01,3.700000000000000000e+01
1.425807079649121046e+09,6.800000000000000000e+01,3.700000000000000000e+01
1.425807139513022900e+09,6.800000000000000000e+01,3.700000000000000000e+01
1.425807199915714025e+09,6.800000000000000000e+01,3.700000000000000000e+01
1.425807259300553083e+09,6.800000000000000000e+01,3.700000000000000000e+01
1.425807319702599049e+09,6.800000000000000000e+01,3.700000000000000000e+01
1.425807379575546980e+09,6.800000000000000000e+01,3.700000000000000000e+01
1.425807439507379055e+09,6.800000000000000000e+01,3.700000000000000000e+01
1.425807499422816992e+09,6.800000000000000000e+01,3.700000000000000000e+01
1.425807559796044111e+09,6.800000000000000000e+01,3.700000000000000000e+01
1.425807619712138891e+09,6.800000000000000000e+01,3.700000000000000000e+01
1.425807679679610014e+09,6.800000000000000000e+01,3.700000000000000000e+01
1.425807739133919954e+09,6.800000000000000000e+01,3.700000000000000000e+01
1.425807800014914989e+09,6.800000000000000000e+01,3.700000000000000000e+01
1.425807860907402992e+09,6.800000000000000000e+01,3.700000000000000000e+01
1.425807920915693998e+09,6.800000000000000000e+01,3.700000000000000000e+01
1.425807980997392893e+09,6.800000000000000000e+01,3.700000000000000000e+01
1.425808040491411924e+09,6.800000000000000000e+01,3.700000000000000000e+01
1.425808100859625101e+09,6.800000000000000000e+01,3.700000000000000000e+01
1.425808160785578012e+09,6.800000000000000000e+01,3.700000000000000000e+01
1.425808220199660063e+09,6.800000000000000000e+01,3.700000000000000000e+01
1.425808280602164030e+09,6.800000000000000000e+01,3.700000000000000000e+01
1.425808340518543005e+09,6.800000000000000000e+01,3.700000000000000000e+01
1.425808400925694942e+09,6.800000000000000000e+01,3.700000000000000000e+01
1.425808460369435072e+09,6.800000000000000000e+01,3.700000000000000000e+01
1.425808520252173901e+09,6.800000000000000000e+01,3.700000000000000000e+01
1.425808580181241989e+09,6.800000000000000000e+01,3.700000000000000000e+01
1.425808640078557968e+09,6.800000000000000000e+01,3.700000000000000000e+01
1.425808701013618946e+09,6.800000000000000000e+01,3.700000000000000000e+01
1.425808761422384024e+09,6.800000000000000000e+01,3.700000000000000000e+01
1.425808821321367979e+09,6.800000000000000000e+01,3.700000000000000000e+01
1.425808881392822981e+09,6.800000000000000000e+01,3.700000000000000000e+01
1.425808941931129932e+09,6.800000000000000000e+01,3.700000000000000000e+01
1.425809001926340103e+09,6.900000000000000000e+01,3.600000000000000000e+01
1.425809061955127954e+09,6.900000000000000000e+01,3.600000000000000000e+01
1.425809121988107920e+09,6.900000000000000000e+01,3.600000000000000000e+01
1.425809181978049994e+09,6.900000000000000000e+01,3.600000000000000000e+01
1.425809242029561043e+09,6.900000000000000000e+01,3.600000000000000000e+01
1.425809303011568069e+09,6.900000000000000000e+01,3.600000000000000000e+01
1.425809364045516014e+09,6.900000000000000000e+01,3.600000000000000000e+01
1.425809424591418982e+09,6.900000000000000000e+01,3.600000000000000000e+01
1.425809484652174950e+09,6.900000000000000000e+01,3.600000000000000000e+01
1.425809544660305023e+09,6.900000000000000000e+01,3.600000000000000000e+01
1.425809604699481010e+09,6.900000000000000000e+01,3.600000000000000000e+01
1.425809664710299969e+09,6.900000000000000000e+01,3.600000000000000000e+01
1.425809724713421106e+09,6.900000000000000000e+01,3.600000000000000000e+01
1.425809784730572939e+09,6.900000000000000000e+01,3.600000000000000000e+01
1.425809844232961893e+09,6.900000000000000000e+01,3.600000000000000000e+01
1.425809904295511961e+09,6.900000000000000000e+01,3.600000000000000000e+01
1.425809964285523891e+09,6.900000000000000000e+01,3.600000000000000000e+01
1.425810024305643082e+09,6.900000000000000000e+01,3.600000000000000000e+01
1.425810084397969007e+09,6.900000000000000000e+01,3.600000000000000000e+01
1.425810144999208927e+09,6.900000000000000000e+01,3.600000000000000000e+01
1.425810204545552969e+09,6.900000000000000000e+01,3.600000000000000000e+01
1.425810264584496021e+09,6.900000000000000000e+01,3.600000000000000000e+01
1.425810324630573988e+09,6.900000000000000000e+01,3.600000000000000000e+01
1.425810384168406010e+09,6.900000000000000000e+01,3.600000000000000000e+01
1.425810444177695036e+09,6.900000000000000000e+01,3.600000000000000000e+01
1.425810504228030920e+09,6.900000000000000000e+01,3.600000000000000000e+01
1.425810564795540094e+09,6.900000000000000000e+01,3.600000000000000000e+01
1.425810624357147932e+09,6.900000000000000000e+01,3.600000000000000000e+01
1.425810684369649887e+09,6.900000000000000000e+01,3.600000000000000000e+01
1.425810744921967030e+09,6.900000000000000000e+01,3.600000000000000000e+01
1.425810804997452974e+09,6.900000000000000000e+01,3.600000000000000000e+01
1.425810864545531988e+09,6.900000000000000000e+01,3.600000000000000000e+01
1.425810924594782114e+09,6.900000000000000000e+01,3.600000000000000000e+01
1.425810984152314901e+09,6.900000000000000000e+01,3.600000000000000000e+01
1.425811044172445059e+09,6.900000000000000000e+01,3.600000000000000000e+01
1.425811104242721081e+09,7.100000000000000000e+01,3.600000000000000000e+01
1.425811164526304007e+09,6.900000000000000000e+01,3.600000000000000000e+01
1.425811224295640945e+09,6.900000000000000000e+01,3.600000000000000000e+01
1.425811284994335890e+09,6.900000000000000000e+01,3.600000000000000000e+01
1.425811344714865923e+09,6.900000000000000000e+01,3.600000000000000000e+01
1.425811404402478933e+09,7.100000000000000000e+01,3.600000000000000000e+01
1.425811464690888882e+09,7.100000000000000000e+01,3.600000000000000000e+01
1.425811524398178101e+09,7.100000000000000000e+01,3.600000000000000000e+01
1.425811584103286982e+09,7.100000000000000000e+01,3.600000000000000000e+01
1.425811644422128916e+09,7.100000000000000000e+01,3.600000000000000000e+01
1.425811704151319027e+09,7.100000000000000000e+01,3.600000000000000000e+01
1.425811764858859062e+09,7.100000000000000000e+01,3.600000000000000000e+01
1.425811824557356119e+09,7.100000000000000000e+01,3.600000000000000000e+01
1.425811884805583000e+09,7.100000000000000000e+01,3.600000000000000000e+01
1.425811945014331102e+09,7.100000000000000000e+01,3.600000000000000000e+01
1.425812005256587982e+09,7.100000000000000000e+01,3.600000000000000000e+01
1.425812065932781935e+09,7.100000000000000000e+01,3.600000000000000000e+01
1.425812125642998934e+09,7.100000000000000000e+01,3.600000000000000000e+01
1.425812185865988016e+09,7.100000000000000000e+01,3.600000000000000000e+01
1.425812245160861015e+09,7.100000000000000000e+01,3.600000000000000000e+01
1.425812305888175011e+09,7.100000000000000000e+01,3.600000000000000000e+01
1.425812365622071028e+09,7.100000000000000000e+01,3.600000000000000000e+01
1.425812425338337898e+09,7.100000000000000000e+01,3.600000000000000000e+01
1.425812485133924007e+09,7.100000000000000000e+01,3.600000000000000000e+01
1.425812545936793089e+09,7.100000000000000000e+01,3.600000000000000000e+01
1.425812605773192883e+09,7.100000000000000000e+01,3.600000000000000000e+01
1.425812665161443949e+09,7.100000000000000000e+01,3.600000000000000000e+01
1.425812726004271030e+09,7.100000000000000000e+01,3.600000000000000000e+01
1.425812786306054115e+09,7.100000000000000000e+01,3.600000000000000000e+01
1.425812846192033052e+09,7.100000000000000000e+01,3.600000000000000000e+01
1.425812906507447004e+09,7.100000000000000000e+01,3.600000000000000000e+01
1.425812966841634989e+09,7.100000000000000000e+01,3.600000000000000000e+01
1.425813026644136906e+09,7.100000000000000000e+01,3.600000000000000000e+01
1.425813086964953899e+09,7.100000000000000000e+01,3.600000000000000000e+01
1.425813146772419930e+09,7.100000000000000000e+01,3.600000000000000000e+01
1.425813206621083021e+09,7.100000000000000000e+01,3.600000000000000000e+01
1.425813266516554117e+09,7.100000000000000000e+01,3.600000000000000000e+01
1.425813326908219099e+09,7.100000000000000000e+01,3.600000000000000000e+01
1.425813386726551056e+09,7.100000000000000000e+01,3.600000000000000000e+01
1.425813446625435114e+09,7.100000000000000000e+01,3.600000000000000000e+01
1.425813506545618057e+09,7.100000000000000000e+01,3.600000000000000000e+01
1.425813566439135075e+09,7.100000000000000000e+01,3.600000000000000000e+01
1.425813626795547962e+09,7.100000000000000000e+01,3.600000000000000000e+01
1.425813686641364098e+09,7.100000000000000000e+01,3.600000000000000000e+01
1.425813747001326084e+09,7.100000000000000000e+01,3.600000000000000000e+01
1.425813807868763924e+09,7.100000000000000000e+01,3.600000000000000000e+01
1.425813867341031075e+09,7.100000000000000000e+01,3.600000000000000000e+01
1.425813927345614910e+09,7.100000000000000000e+01,3.600000000000000000e+01
1.425813987194060087e+09,7.100000000000000000e+01,3.600000000000000000e+01
1.425814047085987091e+09,7.100000000000000000e+01,3.600000000000000000e+01
1.425814107500579119e+09,7.100000000000000000e+01,3.600000000000000000e+01
1.425814167411977053e+09,7.100000000000000000e+01,3.600000000000000000e+01
1.425814227259649992e+09,7.100000000000000000e+01,3.600000000000000000e+01
1.425814287119518042e+09,7.100000000000000000e+01,3.600000000000000000e+01
1.425814347570748091e+09,7.100000000000000000e+01,3.600000000000000000e+01
1.425814407465627909e+09,7.100000000000000000e+01,3.600000000000000000e+01
1.425814467356635094e+09,7.100000000000000000e+01,3.600000000000000000e+01
1.425814527243506908e+09,7.100000000000000000e+01,3.600000000000000000e+01
1.425814587605551958e+09,7.100000000000000000e+01,3.600000000000000000e+01
1.425814647459383011e+09,7.100000000000000000e+01,3.600000000000000000e+01
1.425814707898135900e+09,7.100000000000000000e+01,3.600000000000000000e+01
1.425814767323546886e+09,7.100000000000000000e+01,3.600000000000000000e+01
1.425814827220587015e+09,7.100000000000000000e+01,3.600000000000000000e+01
1.425814887094816923e+09,7.100000000000000000e+01,3.600000000000000000e+01
1.425814947950853109e+09,7.100000000000000000e+01,3.600000000000000000e+01
1.425815007854432106e+09,7.100000000000000000e+01,3.600000000000000000e+01
1.425815067748025894e+09,7.100000000000000000e+01,3.600000000000000000e+01
1.425815127655586958e+09,7.100000000000000000e+01,3.600000000000000000e+01
1.425815187554836035e+09,7.100000000000000000e+01,3.600000000000000000e+01
1.425815247927917957e+09,7.100000000000000000e+01,3.600000000000000000e+01
1.425815307841658115e+09,7.100000000000000000e+01,3.600000000000000000e+01
1.425815367763418913e+09,7.100000000000000000e+01,3.600000000000000000e+01
1.425815427151663065e+09,7.100000000000000000e+01,3.600000000000000000e+01
1.425815487060481071e+09,7.100000000000000000e+01,3.600000000000000000e+01
1.425815548035166025e+09,7.100000000000000000e+01,3.600000000000000000e+01
1.425815608912142992e+09,7.100000000000000000e+01,3.600000000000000000e+01
1.425815668342746019e+09,7.100000000000000000e+01,3.600000000000000000e+01
1.425815728223212957e+09,7.100000000000000000e+01,3.600000000000000000e+01
1.425815788653389931e+09,7.100000000000000000e+01,3.600000000000000000e+01
1.425815848545615911e+09,7.100000000000000000e+01,3.600000000000000000e+01
1.425815909013793945e+09,7.100000000000000000e+01,3.600000000000000000e+01
1.425815969483083010e+09,7.100000000000000000e+01,3.600000000000000000e+01
1.425816029884835005e+09,7.100000000000000000e+01,3.600000000000000000e+01
1.425816089861263990e+09,7.100000000000000000e+01,3.600000000000000000e+01
1.425816149799122095e+09,7.100000000000000000e+01,3.600000000000000000e+01
1.425816209729286909e+09,7.100000000000000000e+01,3.600000000000000000e+01
1.425816269694057941e+09,7.100000000000000000e+01,3.600000000000000000e+01
1.425816329636512041e+09,7.300000000000000000e+01,3.500000000000000000e+01
1.425816389606884003e+09,7.100000000000000000e+01,3.600000000000000000e+01
1.425816449599430084e+09,7.100000000000000000e+01,3.600000000000000000e+01
1.425816509604770899e+09,7.100000000000000000e+01,3.600000000000000000e+01
1.425816569599380970e+09,7.100000000000000000e+01,3.600000000000000000e+01
1.425816629591727018e+09,7.100000000000000000e+01,3.600000000000000000e+01
1.425816689593722105e+09,7.100000000000000000e+01,3.600000000000000000e+01
1.425816749124520063e+09,7.100000000000000000e+01,3.600000000000000000e+01
1.425816809121689081e+09,7.100000000000000000e+01,3.600000000000000000e+01
1.425816869100507021e+09,7.100000000000000000e+01,3.600000000000000000e+01
1.425816929135570049e+09,7.100000000000000000e+01,3.600000000000000000e+01
1.425816989173765898e+09,7.100000000000000000e+01,3.600000000000000000e+01
1.425817049161166906e+09,7.100000000000000000e+01,3.600000000000000000e+01
1.425817109151227951e+09,7.100000000000000000e+01,3.600000000000000000e+01
1.425817169134012938e+09,7.100000000000000000e+01,3.600000000000000000e+01
1.425817229162089109e+09,7.100000000000000000e+01,3.600000000000000000e+01
1.425817289153433084e+09,7.100000000000000000e+01,3.600000000000000000e+01
1.425817349136298895e+09,7.100000000000000000e+01,3.600000000000000000e+01
1.425817409145916939e+09,7.100000000000000000e+01,3.600000000000000000e+01
1.425817469133999109e+09,7.100000000000000000e+01,3.600000000000000000e+01
1.425817529169183016e+09,7.100000000000000000e+01,3.600000000000000000e+01
1.425817589265120029e+09,7.100000000000000000e+01,3.600000000000000000e+01
1.425817649335541964e+09,7.100000000000000000e+01,3.600000000000000000e+01
1.425817709420078039e+09,7.100000000000000000e+01,3.600000000000000000e+01
1.425817769468880892e+09,7.100000000000000000e+01,3.600000000000000000e+01
1.425817829520982027e+09,7.100000000000000000e+01,3.600000000000000000e+01
1.425817889089194059e+09,7.100000000000000000e+01,3.600000000000000000e+01
1.425817949667475939e+09,7.100000000000000000e+01,3.600000000000000000e+01
1.425818009665043116e+09,7.100000000000000000e+01,3.600000000000000000e+01
1.425818069798397064e+09,7.100000000000000000e+01,3.600000000000000000e+01
1.425818129865976095e+09,7.100000000000000000e+01,3.600000000000000000e+01
1.425818189940804005e+09,7.100000000000000000e+01,3.600000000000000000e+01
1.425818250029259920e+09,7.100000000000000000e+01,3.600000000000000000e+01
1.425818310104764938e+09,7.100000000000000000e+01,3.600000000000000000e+01
1.425818370154234886e+09,7.100000000000000000e+01,3.600000000000000000e+01
1.425818430277630091e+09,7.100000000000000000e+01,3.600000000000000000e+01
1.425818490315596104e+09,7.100000000000000000e+01,3.600000000000000000e+01
1.425818550380258083e+09,7.100000000000000000e+01,3.600000000000000000e+01
1.425818610458936930e+09,7.100000000000000000e+01,3.600000000000000000e+01
1.425818670491358042e+09,7.100000000000000000e+01,3.600000000000000000e+01
1.425818730075050116e+09,7.100000000000000000e+01,3.600000000000000000e+01
1.425818790142443895e+09,7.100000000000000000e+01,3.600000000000000000e+01
1.425818850295603037e+09,7.100000000000000000e+01,3.600000000000000000e+01
1.425818910885869980e+09,7.100000000000000000e+01,3.600000000000000000e+01
1.425818970966506004e+09,7.100000000000000000e+01,3.600000000000000000e+01
1.425819030057166100e+09,7.100000000000000000e+01,3.600000000000000000e+01
1.425819090605827093e+09,7.100000000000000000e+01,3.600000000000000000e+01
1.425819150636023045e+09,7.100000000000000000e+01,3.600000000000000000e+01
1.425819210684536934e+09,7.100000000000000000e+01,3.600000000000000000e+01
1.425819270715436935e+09,7.100000000000000000e+01,3.600000000000000000e+01
1.425819330799685001e+09,7.100000000000000000e+01,3.600000000000000000e+01
1.425819390889513016e+09,7.100000000000000000e+01,3.600000000000000000e+01
1.425819450469594955e+09,7.100000000000000000e+01,3.600000000000000000e+01
1.425819510557312965e+09,7.100000000000000000e+01,3.600000000000000000e+01
1.425819570606669903e+09,7.100000000000000000e+01,3.600000000000000000e+01
1.425819630667826891e+09,7.100000000000000000e+01,3.600000000000000000e+01
1.425819690807192087e+09,7.100000000000000000e+01,3.600000000000000000e+01
1.425819750486469030e+09,7.100000000000000000e+01,4.000000000000000000e+00
1.425819810629254103e+09,7.100000000000000000e+01,3.600000000000000000e+01
1.425819870776124001e+09,7.100000000000000000e+01,3.600000000000000000e+01
1.425819930938580990e+09,7.100000000000000000e+01,3.600000000000000000e+01
1.425819990133904934e+09,7.100000000000000000e+01,3.600000000000000000e+01
1.425820050369611979e+09,7.100000000000000000e+01,3.600000000000000000e+01
1.425820110049179077e+09,7.100000000000000000e+01,3.600000000000000000e+01
1.425820170236284971e+09,7.100000000000000000e+01,3.600000000000000000e+01
1.425820230374794006e+09,7.100000000000000000e+01,3.600000000000000000e+01
1.425820290541826963e+09,7.100000000000000000e+01,3.600000000000000000e+01
1.425820350730607986e+09,7.100000000000000000e+01,3.600000000000000000e+01
1.425820410882755995e+09,7.100000000000000000e+01,3.600000000000000000e+01
1.425820471045660019e+09,7.100000000000000000e+01,3.600000000000000000e+01
1.425820531816349030e+09,7.100000000000000000e+01,3.600000000000000000e+01
1.425820592020706892e+09,7.100000000000000000e+01,3.600000000000000000e+01
1.425820652164431095e+09,7.100000000000000000e+01,3.600000000000000000e+01
1.425820712856688023e+09,7.100000000000000000e+01,3.600000000000000000e+01
1.425820772508929968e+09,7.100000000000000000e+01,3.600000000000000000e+01
1.425820832677553892e+09,7.100000000000000000e+01,3.600000000000000000e+01
1.425820892346127987e+09,7.100000000000000000e+01,3.600000000000000000e+01
1.425820952564047098e+09,7.100000000000000000e+01,3.600000000000000000e+01
1.425821012253019094e+09,7.100000000000000000e+01,3.600000000000000000e+01
1.425821072414459944e+09,7.100000000000000000e+01,3.600000000000000000e+01
1.425821132070035934e+09,7.100000000000000000e+01,3.600000000000000000e+01
1.425821192248143911e+09,7.100000000000000000e+01,3.600000000000000000e+01
1.425821252432089090e+09,7.100000000000000000e+01,3.600000000000000000e+01
1.425821312133991003e+09,7.100000000000000000e+01,3.600000000000000000e+01
1.425821372923590899e+09,7.100000000000000000e+01,3.600000000000000000e+01
1.425821432588257074e+09,7.100000000000000000e+01,3.600000000000000000e+01
1.425821492737210035e+09,7.100000000000000000e+01,3.600000000000000000e+01
1.425821552931050062e+09,7.100000000000000000e+01,3.600000000000000000e+01
1.425821612133908987e+09,7.100000000000000000e+01,3.600000000000000000e+01
1.425821672374408960e+09,7.100000000000000000e+01,3.600000000000000000e+01
1.425821732556273937e+09,7.100000000000000000e+01,3.600000000000000000e+01
1.425821792749027967e+09,7.100000000000000000e+01,3.600000000000000000e+01
1.425821853003200054e+09,7.100000000000000000e+01,3.600000000000000000e+01
1.425821913740273952e+09,7.100000000000000000e+01,3.600000000000000000e+01
1.425821973936639071e+09,7.100000000000000000e+01,3.600000000000000000e+01
1.425822033755369902e+09,7.100000000000000000e+01,3.600000000000000000e+01
1.425822094006417036e+09,7.100000000000000000e+01,3.600000000000000000e+01
1.425822154341250896e+09,7.100000000000000000e+01,3.600000000000000000e+01
1.425822214636593103e+09,7.100000000000000000e+01,3.600000000000000000e+01
1.425822274855942011e+09,7.100000000000000000e+01,3.600000000000000000e+01
1.425822334102138042e+09,7.100000000000000000e+01,3.600000000000000000e+01
1.425822394341064930e+09,7.100000000000000000e+01,3.600000000000000000e+01
1.425822454576410055e+09,7.100000000000000000e+01,3.600000000000000000e+01
1.425822514805607080e+09,7.100000000000000000e+01,3.600000000000000000e+01
1.425822574562098980e+09,7.100000000000000000e+01,3.600000000000000000e+01
1.425822634771162033e+09,7.100000000000000000e+01,3.600000000000000000e+01
1.425822694070477962e+09,7.100000000000000000e+01,3.600000000000000000e+01
1.425822754295584917e+09,7.100000000000000000e+01,3.600000000000000000e+01
1.425822814580288887e+09,7.100000000000000000e+01,3.600000000000000000e+01
1.425822874867882013e+09,7.100000000000000000e+01,3.600000000000000000e+01
1.425822934141649008e+09,7.100000000000000000e+01,3.600000000000000000e+01
1.425822994361278057e+09,7.100000000000000000e+01,3.600000000000000000e+01
1.425823054680421114e+09,7.100000000000000000e+01,3.600000000000000000e+01
1.425823114963824034e+09,7.100000000000000000e+01,3.600000000000000000e+01
1.425823174700205088e+09,7.100000000000000000e+01,3.600000000000000000e+01
1.425823243389826059e+09,7.100000000000000000e+01,3.600000000000000000e+01
1.425823303774195910e+09,7.100000000000000000e+01,3.600000000000000000e+01
1.425823363705431938e+09,7.100000000000000000e+01,3.600000000000000000e+01
1.425823423544965029e+09,7.100000000000000000e+01,3.600000000000000000e+01
1.425823483367337942e+09,7.100000000000000000e+01,3.600000000000000000e+01
1.425823603847472906e+09,7.100000000000000000e+01,3.600000000000000000e+01
1.425823663222002029e+09,7.100000000000000000e+01,3.600000000000000000e+01
1.425823723662677050e+09,7.100000000000000000e+01,3.600000000000000000e+01
1.425823783490766048e+09,7.100000000000000000e+01,3.600000000000000000e+01
1.425823843861021996e+09,7.100000000000000000e+01,3.600000000000000000e+01
1.425823903734822035e+09,7.100000000000000000e+01,3.600000000000000000e+01
1.425823963182185888e+09,7.100000000000000000e+01,3.600000000000000000e+01
1.425824023594799995e+09,7.100000000000000000e+01,3.600000000000000000e+01
1.425824083527398109e+09,7.100000000000000000e+01,3.600000000000000000e+01
1.425824143463723898e+09,7.100000000000000000e+01,3.600000000000000000e+01
1.425824203321702957e+09,7.100000000000000000e+01,3.600000000000000000e+01
1.425824263698473930e+09,7.100000000000000000e+01,3.600000000000000000e+01
1.425824323058499098e+09,7.100000000000000000e+01,3.600000000000000000e+01
1.425824383489455938e+09,7.100000000000000000e+01,3.600000000000000000e+01
1.425824443397898912e+09,7.100000000000000000e+01,3.600000000000000000e+01
1.425824503727420092e+09,7.100000000000000000e+01,3.600000000000000000e+01
1.425824563657943010e+09,7.100000000000000000e+01,3.600000000000000000e+01
1.425824623537133932e+09,7.100000000000000000e+01,3.600000000000000000e+01
1.425824683415668964e+09,7.100000000000000000e+01,3.600000000000000000e+01
1.425824743795869112e+09,7.100000000000000000e+01,3.600000000000000000e+01
1.425824803213017941e+09,7.100000000000000000e+01,3.600000000000000000e+01
1.425824863603626966e+09,7.100000000000000000e+01,3.600000000000000000e+01
1.425824924004735947e+09,7.100000000000000000e+01,3.600000000000000000e+01
1.425824984433538914e+09,7.100000000000000000e+01,3.600000000000000000e+01
1.425825044826720953e+09,7.100000000000000000e+01,3.600000000000000000e+01
1.425825104173239946e+09,7.100000000000000000e+01,3.600000000000000000e+01
1.425825164052670002e+09,6.900000000000000000e+01,3.600000000000000000e+01
1.425825224503612041e+09,6.900000000000000000e+01,3.600000000000000000e+01
1.425825284439064026e+09,6.900000000000000000e+01,3.600000000000000000e+01
1.425825344385622025e+09,6.900000000000000000e+01,3.600000000000000000e+01
1.425825404880732059e+09,6.900000000000000000e+01,3.600000000000000000e+01
1.425825464340718031e+09,6.900000000000000000e+01,3.600000000000000000e+01
1.425825524799863100e+09,6.900000000000000000e+01,3.600000000000000000e+01
1.425825644424443007e+09,6.900000000000000000e+01,3.600000000000000000e+01
1.425825704877175093e+09,6.900000000000000000e+01,3.600000000000000000e+01
1.425825764352159977e+09,6.900000000000000000e+01,3.600000000000000000e+01
1.425825824827938080e+09,6.900000000000000000e+01,3.600000000000000000e+01
1.425825884893731117e+09,6.900000000000000000e+01,3.600000000000000000e+01
1.425825944914561987e+09,6.900000000000000000e+01,3.600000000000000000e+01
1.425826004859419107e+09,6.900000000000000000e+01,3.600000000000000000e+01
1.425826064830235958e+09,6.900000000000000000e+01,3.600000000000000000e+01
1.425826124295644045e+09,6.900000000000000000e+01,3.600000000000000000e+01
1.425826184605649948e+09,6.900000000000000000e+01,3.600000000000000000e+01
1.425826244866211891e+09,6.900000000000000000e+01,3.600000000000000000e+01
1.425826304166212082e+09,6.900000000000000000e+01,3.600000000000000000e+01
1.425826364418665886e+09,6.900000000000000000e+01,3.600000000000000000e+01
1.425826424648883104e+09,6.900000000000000000e+01,3.600000000000000000e+01
1.425826484972626925e+09,6.900000000000000000e+01,3.600000000000000000e+01
1.425826544276050091e+09,6.900000000000000000e+01,3.600000000000000000e+01
1.425826604613497972e+09,6.900000000000000000e+01,3.600000000000000000e+01
1.425826664467691898e+09,6.900000000000000000e+01,3.600000000000000000e+01
1.425826724723614931e+09,6.900000000000000000e+01,3.600000000000000000e+01
1.425826784524297953e+09,6.900000000000000000e+01,3.600000000000000000e+01
1.425826844800457954e+09,6.900000000000000000e+01,3.600000000000000000e+01
1.425826904687541962e+09,6.900000000000000000e+01,3.600000000000000000e+01
1.425826965045536995e+09,6.900000000000000000e+01,3.600000000000000000e+01
1.425827025906651974e+09,6.900000000000000000e+01,3.600000000000000000e+01
1.425827145453818083e+09,6.900000000000000000e+01,3.600000000000000000e+01
1.425827205828416109e+09,6.900000000000000000e+01,3.600000000000000000e+01
1.425827265220527887e+09,6.900000000000000000e+01,3.600000000000000000e+01
1.425827325595629930e+09,6.900000000000000000e+01,3.600000000000000000e+01
1.425827385976311922e+09,6.900000000000000000e+01,3.600000000000000000e+01
1.425827445382570982e+09,6.900000000000000000e+01,3.600000000000000000e+01
1.425827565345108032e+09,6.900000000000000000e+01,3.600000000000000000e+01
1.425827625229353905e+09,6.900000000000000000e+01,3.600000000000000000e+01
1.425827745228833914e+09,6.900000000000000000e+01,3.600000000000000000e+01
1.425827805672591925e+09,6.900000000000000000e+01,3.600000000000000000e+01
1.425827865065160036e+09,6.900000000000000000e+01,3.600000000000000000e+01
1.425827925425689936e+09,6.900000000000000000e+01,3.600000000000000000e+01
1.425827985818412066e+09,6.900000000000000000e+01,3.600000000000000000e+01
1.425828045206187010e+09,6.900000000000000000e+01,3.600000000000000000e+01
1.425828105525468111e+09,6.900000000000000000e+01,3.600000000000000000e+01
1.425828165439718962e+09,6.900000000000000000e+01,3.600000000000000000e+01
1.425828225295592070e+09,6.900000000000000000e+01,3.600000000000000000e+01
1.425828285175118923e+09,6.900000000000000000e+01,3.600000000000000000e+01
1.425828345546550989e+09,6.800000000000000000e+01,3.700000000000000000e+01
1.425828405947902918e+09,6.800000000000000000e+01,3.700000000000000000e+01
1.425828465867327929e+09,6.800000000000000000e+01,3.700000000000000000e+01
1.425828525853571892e+09,6.800000000000000000e+01,3.700000000000000000e+01
1.425828585307401896e+09,6.800000000000000000e+01,3.700000000000000000e+01
1.425828645758186102e+09,6.900000000000000000e+01,3.600000000000000000e+01
1.425828705679850101e+09,6.900000000000000000e+01,3.600000000000000000e+01
1.425828765624577045e+09,6.900000000000000000e+01,3.600000000000000000e+01
1.425828826016513109e+09,6.900000000000000000e+01,3.600000000000000000e+01
1.425828886431519985e+09,6.900000000000000000e+01,3.600000000000000000e+01
1.425828946871059895e+09,6.900000000000000000e+01,3.600000000000000000e+01
1.425829006808016062e+09,6.900000000000000000e+01,3.600000000000000000e+01
1.425829066295722961e+09,6.900000000000000000e+01,3.600000000000000000e+01
1.425829186376305103e+09,6.900000000000000000e+01,3.600000000000000000e+01
1.425829246334600925e+09,6.900000000000000000e+01,3.600000000000000000e+01
1.425829306725668907e+09,6.900000000000000000e+01,3.600000000000000000e+01
1.425829366228984118e+09,6.900000000000000000e+01,3.600000000000000000e+01
1.425829426133903980e+09,6.900000000000000000e+01,3.600000000000000000e+01
1.425829486086493015e+09,6.900000000000000000e+01,3.600000000000000000e+01
1.425829546580138922e+09,6.900000000000000000e+01,3.600000000000000000e+01
1.425829666186564922e+09,6.900000000000000000e+01,3.600000000000000000e+01
1.425829726123569012e+09,6.900000000000000000e+01,3.600000000000000000e+01
1.425829786630075932e+09,6.900000000000000000e+01,3.600000000000000000e+01
1.425829906675014019e+09,6.900000000000000000e+01,3.600000000000000000e+01
1.425829966133922100e+09,6.900000000000000000e+01,3.600000000000000000e+01
1.425830026586097956e+09,6.900000000000000000e+01,3.600000000000000000e+01
1.425830086982054949e+09,6.900000000000000000e+01,3.600000000000000000e+01
1.425830146911665916e+09,6.900000000000000000e+01,3.600000000000000000e+01
1.425830206325690985e+09,6.900000000000000000e+01,3.600000000000000000e+01
1.425830266284841061e+09,6.800000000000000000e+01,3.700000000000000000e+01
1.425830326234863997e+09,6.900000000000000000e+01,3.600000000000000000e+01
1.425830386168374062e+09,6.800000000000000000e+01,3.700000000000000000e+01
1.425830446074990034e+09,6.800000000000000000e+01,3.700000000000000000e+01
1.425830506662601948e+09,6.900000000000000000e+01,3.600000000000000000e+01
1.425830566736433029e+09,6.800000000000000000e+01,3.700000000000000000e+01
1.425830626801403046e+09,6.800000000000000000e+01,3.700000000000000000e+01
1.425830747045602083e+09,6.800000000000000000e+01,3.700000000000000000e+01
1.425830867261910915e+09,6.800000000000000000e+01,3.700000000000000000e+01
1.425830927362987041e+09,6.800000000000000000e+01,3.700000000000000000e+01
1.425830987935560942e+09,6.800000000000000000e+01,3.700000000000000000e+01
1.425831107650032043e+09,6.800000000000000000e+01,3.700000000000000000e+01
1.425831167174467087e+09,6.800000000000000000e+01,3.700000000000000000e+01
1.425831227264174938e+09,6.800000000000000000e+01,3.700000000000000000e+01
1.425831287858031034e+09,6.800000000000000000e+01,3.700000000000000000e+01
1.425831348010540962e+09,6.800000000000000000e+01,3.700000000000000000e+01
1.425831468727801085e+09,6.800000000000000000e+01,3.700000000000000000e+01
1.425831528796608925e+09,6.800000000000000000e+01,3.700000000000000000e+01
1.425831588402734995e+09,6.800000000000000000e+01,3.700000000000000000e+01
1.425831649011225939e+09,6.800000000000000000e+01,3.700000000000000000e+01
1.425831769242301941e+09,6.800000000000000000e+01,3.700000000000000000e+01
1.425831829760191917e+09,6.800000000000000000e+01,3.700000000000000000e+01
1.425831949509753942e+09,6.800000000000000000e+01,3.700000000000000000e+01
1.425832009113821983e+09,6.800000000000000000e+01,3.700000000000000000e+01
1.425832129814254045e+09,6.800000000000000000e+01,3.700000000000000000e+01
1.425832189923813105e+09,6.800000000000000000e+01,3.700000000000000000e+01
1.425832250004359961e+09,6.800000000000000000e+01,3.700000000000000000e+01
1.425832370133965969e+09,6.800000000000000000e+01,3.700000000000000000e+01
1.425832430717195034e+09,6.800000000000000000e+01,3.700000000000000000e+01
1.425832490295536995e+09,6.800000000000000000e+01,3.700000000000000000e+01
1.425832550867822886e+09,6.800000000000000000e+01,3.700000000000000000e+01
1.425832610452183962e+09,6.800000000000000000e+01,3.700000000000000000e+01
1.425832671007420063e+09,6.800000000000000000e+01,3.700000000000000000e+01
1.425832731628530979e+09,6.800000000000000000e+01,3.700000000000000000e+01
1.425832851317286015e+09,6.800000000000000000e+01,3.700000000000000000e+01
1.425832911902311087e+09,6.800000000000000000e+01,3.700000000000000000e+01
1.425832971545583963e+09,6.800000000000000000e+01,3.700000000000000000e+01
1.425833031119221926e+09,6.800000000000000000e+01,3.700000000000000000e+01
1.425833151317605972e+09,6.800000000000000000e+01,3.700000000000000000e+01
1.425833271522465944e+09,6.800000000000000000e+01,3.700000000000000000e+01
1.425833331133919954e+09,6.800000000000000000e+01,3.700000000000000000e+01
1.425833451252513885e+09,6.800000000000000000e+01,3.700000000000000000e+01
1.425833511888495922e+09,6.800000000000000000e+01,3.700000000000000000e+01
1.425833571475996971e+09,6.800000000000000000e+01,3.700000000000000000e+01
1.425833691628453016e+09,6.800000000000000000e+01,3.700000000000000000e+01
1.425833751200293064e+09,6.800000000000000000e+01,3.700000000000000000e+01
1.425833871889511108e+09,6.800000000000000000e+01,3.700000000000000000e+01
1.425833991817697048e+09,6.800000000000000000e+01,3.700000000000000000e+01
1.425834051405555964e+09,6.800000000000000000e+01,3.700000000000000000e+01
1.425834111094309092e+09,6.800000000000000000e+01,3.700000000000000000e+01
1.425834171801592112e+09,6.800000000000000000e+01,3.700000000000000000e+01
1.425834231499891996e+09,6.800000000000000000e+01,3.700000000000000000e+01
1.425834351329595089e+09,6.800000000000000000e+01,3.700000000000000000e+01
1.425834471603321075e+09,6.800000000000000000e+01,3.700000000000000000e+01
1.425834591858900070e+09,6.800000000000000000e+01,3.700000000000000000e+01
1.425834651623086929e+09,6.800000000000000000e+01,3.700000000000000000e+01
1.425834771922175884e+09,6.800000000000000000e+01,3.700000000000000000e+01
1.425834891818475008e+09,6.800000000000000000e+01,3.700000000000000000e+01
1.425834951551390886e+09,6.800000000000000000e+01,3.700000000000000000e+01
1.425835011206299067e+09,6.800000000000000000e+01,3.700000000000000000e+01
1.425835131650470018e+09,6.800000000000000000e+01,3.700000000000000000e+01
1.425835191353415012e+09,6.800000000000000000e+01,3.700000000000000000e+01
1.425835252023863077e+09,6.800000000000000000e+01,3.700000000000000000e+01
1.425835312695986032e+09,6.800000000000000000e+01,3.700000000000000000e+01
1.425835432474525928e+09,6.800000000000000000e+01,3.700000000000000000e+01
1.425835552222430944e+09,6.800000000000000000e+01,3.700000000000000000e+01
1.425835612942852974e+09,6.800000000000000000e+01,3.700000000000000000e+01
1.425835732674235106e+09,6.800000000000000000e+01,3.700000000000000000e+01
1.425835853019447088e+09,6.800000000000000000e+01,3.700000000000000000e+01
1.425835973828449011e+09,6.800000000000000000e+01,3.700000000000000000e+01
1.425836093595594883e+09,6.800000000000000000e+01,3.700000000000000000e+01
1.425836213336869955e+09,6.800000000000000000e+01,3.700000000000000000e+01
1.425836333659560919e+09,6.800000000000000000e+01,3.700000000000000000e+01
1.425836453907888889e+09,6.800000000000000000e+01,3.700000000000000000e+01
1.425836573666652918e+09,6.800000000000000000e+01,3.700000000000000000e+01
1.425836693417095900e+09,6.800000000000000000e+01,3.700000000000000000e+01
1.425836813878525019e+09,6.800000000000000000e+01,3.700000000000000000e+01
1.425836933219038963e+09,6.800000000000000000e+01,3.700000000000000000e+01
1.425837053971699953e+09,6.800000000000000000e+01,3.700000000000000000e+01
1.425837173275343895e+09,6.800000000000000000e+01,3.700000000000000000e+01
1.425837293076594114e+09,6.800000000000000000e+01,3.700000000000000000e+01
1.425837413802314997e+09,6.800000000000000000e+01,3.700000000000000000e+01
1.425837533558350086e+09,6.800000000000000000e+01,3.700000000000000000e+01
1.425837653316451073e+09,6.800000000000000000e+01,3.700000000000000000e+01
1.425837773681371927e+09,6.800000000000000000e+01,3.700000000000000000e+01
1.425837893154058933e+09,6.800000000000000000e+01,3.700000000000000000e+01
1.425838013984272003e+09,6.800000000000000000e+01,3.700000000000000000e+01
1.425838133877924919e+09,6.800000000000000000e+01,3.700000000000000000e+01
1.425838253750618935e+09,6.800000000000000000e+01,3.700000000000000000e+01
1.425838373655535936e+09,6.800000000000000000e+01,3.700000000000000000e+01
1.425838494056706905e+09,6.800000000000000000e+01,3.700000000000000000e+01
1.425838614977488995e+09,6.800000000000000000e+01,3.700000000000000000e+01
1.425838734504717112e+09,6.800000000000000000e+01,3.700000000000000000e+01
1.425838854867616892e+09,6.800000000000000000e+01,3.700000000000000000e+01
1.425838974712541103e+09,6.800000000000000000e+01,3.700000000000000000e+01
1.425839094133900881e+09,6.800000000000000000e+01,3.700000000000000000e+01
1.425839215064418077e+09,6.800000000000000000e+01,3.700000000000000000e+01
1.425839335485594988e+09,6.800000000000000000e+01,3.700000000000000000e+01
1.425839455926127911e+09,6.800000000000000000e+01,3.700000000000000000e+01
1.425839575927247047e+09,6.800000000000000000e+01,3.700000000000000000e+01
1.425839695847028971e+09,6.800000000000000000e+01,3.700000000000000000e+01
1.425839815742543936e+09,6.800000000000000000e+01,3.700000000000000000e+01
1.425839935616966963e+09,6.800000000000000000e+01,3.700000000000000000e+01
1.425840055582217932e+09,6.800000000000000000e+01,3.700000000000000000e+01
1.425840176019567013e+09,6.800000000000000000e+01,3.700000000000000000e+01
1.425840296913326025e+09,6.800000000000000000e+01,3.700000000000000000e+01
1.425840416833908081e+09,6.800000000000000000e+01,3.700000000000000000e+01
1.425840536808079004e+09,6.800000000000000000e+01,3.700000000000000000e+01
1.425840656751710892e+09,6.800000000000000000e+01,3.700000000000000000e+01
1.425840776795625925e+09,6.800000000000000000e+01,3.700000000000000000e+01
1.425840896737847090e+09,6.800000000000000000e+01,3.700000000000000000e+01
1.425841016280400038e+09,6.800000000000000000e+01,3.700000000000000000e+01
1.425841136886420965e+09,6.800000000000000000e+01,3.700000000000000000e+01
1.425841256350698948e+09,6.800000000000000000e+01,3.700000000000000000e+01
1.425841376395097017e+09,6.800000000000000000e+01,3.700000000000000000e+01
1.425841496409171104e+09,6.800000000000000000e+01,3.700000000000000000e+01
1.425841616571227074e+09,6.800000000000000000e+01,3.700000000000000000e+01
1.425841736678529024e+09,6.800000000000000000e+01,3.700000000000000000e+01
1.425841856235558987e+09,6.800000000000000000e+01,3.700000000000000000e+01
1.425841976270853996e+09,6.800000000000000000e+01,3.700000000000000000e+01
1.425842096265480042e+09,6.800000000000000000e+01,3.700000000000000000e+01
1.425842216316806078e+09,6.800000000000000000e+01,3.700000000000000000e+01
1.425842336503279924e+09,6.800000000000000000e+01,3.700000000000000000e+01
1.425842457045526981e+09,6.800000000000000000e+01,3.700000000000000000e+01
1.425842578063894033e+09,6.800000000000000000e+01,3.700000000000000000e+01
1.425842699091351986e+09,6.800000000000000000e+01,3.700000000000000000e+01
1.425842819158179998e+09,6.800000000000000000e+01,3.700000000000000000e+01
1.425842939254111052e+09,6.800000000000000000e+01,3.700000000000000000e+01
1.425843059298975945e+09,6.800000000000000000e+01,3.700000000000000000e+01
1.425843179803042889e+09,6.800000000000000000e+01,3.700000000000000000e+01
1.425843299403600931e+09,6.800000000000000000e+01,3.700000000000000000e+01
1.425843419421222925e+09,6.800000000000000000e+01,3.700000000000000000e+01
1.425843539459661961e+09,6.800000000000000000e+01,3.700000000000000000e+01
1.425843659499003887e+09,6.800000000000000000e+01,3.700000000000000000e+01
1.425843779597513914e+09,6.800000000000000000e+01,3.700000000000000000e+01
1.425843899665182114e+09,6.800000000000000000e+01,3.700000000000000000e+01
1.425844019729912996e+09,6.800000000000000000e+01,3.700000000000000000e+01
1.425844139714454889e+09,6.800000000000000000e+01,3.700000000000000000e+01
1.425844259733530045e+09,6.800000000000000000e+01,3.700000000000000000e+01
1.425844379780637026e+09,6.800000000000000000e+01,3.700000000000000000e+01
1.425844499858938932e+09,6.800000000000000000e+01,3.700000000000000000e+01
1.425844619361146927e+09,6.800000000000000000e+01,3.700000000000000000e+01
1.425844739934475899e+09,6.800000000000000000e+01,3.700000000000000000e+01
1.425844859583901882e+09,6.800000000000000000e+01,3.700000000000000000e+01
1.425844979519475937e+09,6.800000000000000000e+01,3.700000000000000000e+01
1.425845099948016882e+09,6.800000000000000000e+01,3.700000000000000000e+01
1.425845219406215906e+09,6.800000000000000000e+01,3.700000000000000000e+01
1.425845339775574923e+09,6.800000000000000000e+01,3.700000000000000000e+01
1.425845459683355093e+09,6.800000000000000000e+01,3.700000000000000000e+01
1.425845579600249052e+09,6.800000000000000000e+01,3.700000000000000000e+01
1.425845700015626907e+09,3.900000000000000000e+01,3.700000000000000000e+01
1.425845760088165045e+09,6.800000000000000000e+01,3.700000000000000000e+01
1.425845820259916067e+09,6.800000000000000000e+01,3.700000000000000000e+01
1.425845880554616928e+09,6.800000000000000000e+01,3.700000000000000000e+01
1.425845940738991976e+09,6.800000000000000000e+01,3.700000000000000000e+01
1.425846000364973068e+09,6.800000000000000000e+01,3.700000000000000000e+01
1.425846060045526981e+09,6.800000000000000000e+01,3.700000000000000000e+01
1.425846120159581900e+09,6.800000000000000000e+01,3.700000000000000000e+01
1.425846180372237921e+09,6.800000000000000000e+01,3.700000000000000000e+01
1.425846240594908953e+09,6.800000000000000000e+01,3.700000000000000000e+01
1.425846300742448092e+09,6.800000000000000000e+01,3.700000000000000000e+01
1.425846360422420025e+09,6.800000000000000000e+01,3.700000000000000000e+01
1.425846420075597048e+09,6.800000000000000000e+01,3.700000000000000000e+01
1.425846480307281971e+09,6.800000000000000000e+01,3.700000000000000000e+01
1.425846540436623096e+09,6.800000000000000000e+01,3.700000000000000000e+01
1.425846600596704960e+09,6.800000000000000000e+01,3.700000000000000000e+01
1.425846660766709089e+09,6.800000000000000000e+01,3.700000000000000000e+01
1.425846720513150930e+09,6.800000000000000000e+01,3.700000000000000000e+01
1.425846780133939028e+09,6.800000000000000000e+01,3.700000000000000000e+01
1.425846840935655117e+09,6.900000000000000000e+01,3.600000000000000000e+01
1.425846901045203924e+09,6.900000000000000000e+01,3.600000000000000000e+01
1.425846961795625925e+09,6.900000000000000000e+01,3.600000000000000000e+01
1.425847021587450981e+09,6.900000000000000000e+01,3.600000000000000000e+01
1.425847081397190094e+09,6.900000000000000000e+01,3.600000000000000000e+01
1.425847141145338058e+09,6.900000000000000000e+01,3.600000000000000000e+01
1.425847201883877993e+09,6.900000000000000000e+01,3.600000000000000000e+01
1.425847261726279974e+09,6.900000000000000000e+01,3.600000000000000000e+01
1.425847321497191906e+09,6.900000000000000000e+01,3.600000000000000000e+01
1.425847381229444027e+09,6.900000000000000000e+01,3.600000000000000000e+01
1.425847441133907080e+09,6.900000000000000000e+01,3.600000000000000000e+01
1.425847501907783985e+09,6.900000000000000000e+01,3.600000000000000000e+01
1.425847561704077005e+09,6.900000000000000000e+01,3.600000000000000000e+01
1.425847621071407080e+09,6.900000000000000000e+01,3.600000000000000000e+01
1.425847681919344902e+09,6.900000000000000000e+01,3.600000000000000000e+01
1.425847741845973015e+09,6.900000000000000000e+01,3.600000000000000000e+01
1.425847801725441933e+09,6.900000000000000000e+01,3.600000000000000000e+01
1.425847861190076113e+09,6.900000000000000000e+01,3.600000000000000000e+01
1.425847921064565897e+09,6.900000000000000000e+01,3.600000000000000000e+01
1.425847981453458071e+09,6.900000000000000000e+01,3.600000000000000000e+01
1.425848041978823900e+09,6.900000000000000000e+01,3.600000000000000000e+01
1.425848101676696062e+09,6.900000000000000000e+01,3.600000000000000000e+01
1.425848161868252039e+09,6.900000000000000000e+01,3.600000000000000000e+01
1.425848221585577965e+09,6.900000000000000000e+01,3.600000000000000000e+01
1.425848281295550108e+09,6.900000000000000000e+01,3.600000000000000000e+01
1.425848341082031965e+09,6.900000000000000000e+01,3.600000000000000000e+01
1.425848401846493959e+09,6.900000000000000000e+01,3.600000000000000000e+01
1.425848461636224031e+09,6.900000000000000000e+01,3.600000000000000000e+01
1.425848521346681118e+09,6.900000000000000000e+01,3.600000000000000000e+01
1.425848581072561979e+09,6.900000000000000000e+01,3.600000000000000000e+01
1.425848641794203997e+09,6.900000000000000000e+01,3.600000000000000000e+01
1.425848702001633883e+09,6.900000000000000000e+01,3.600000000000000000e+01
1.425848762210151911e+09,6.900000000000000000e+01,3.600000000000000000e+01
1.425848822483556986e+09,6.900000000000000000e+01,3.600000000000000000e+01
1.425848882692255020e+09,6.900000000000000000e+01,3.600000000000000000e+01
1.425848942906677008e+09,6.900000000000000000e+01,3.600000000000000000e+01
1.425849002203430891e+09,6.900000000000000000e+01,3.600000000000000000e+01
1.425849063012170076e+09,6.900000000000000000e+01,3.600000000000000000e+01
1.425849123767798901e+09,6.900000000000000000e+01,3.600000000000000000e+01
1.425849183471256018e+09,6.900000000000000000e+01,3.600000000000000000e+01
1.425849243684916973e+09,6.900000000000000000e+01,3.600000000000000000e+01
1.425849303919131041e+09,6.900000000000000000e+01,3.600000000000000000e+01
1.425849363150794029e+09,6.900000000000000000e+01,3.600000000000000000e+01
1.425849423865041018e+09,6.900000000000000000e+01,3.600000000000000000e+01
1.425849483088329077e+09,6.900000000000000000e+01,3.600000000000000000e+01
1.425849543295620918e+09,6.900000000000000000e+01,3.600000000000000000e+01
1.425849603491890907e+09,6.900000000000000000e+01,3.600000000000000000e+01
1.425849663714441061e+09,6.900000000000000000e+01,3.600000000000000000e+01
1.425849723912642002e+09,6.900000000000000000e+01,3.600000000000000000e+01
1.425849783148284912e+09,6.900000000000000000e+01,3.600000000000000000e+01
1.425849843340811014e+09,6.900000000000000000e+01,3.600000000000000000e+01
1.425849903565594912e+09,6.900000000000000000e+01,3.600000000000000000e+01
1.425849963265575886e+09,6.900000000000000000e+01,3.600000000000000000e+01
1.425850024030771971e+09,6.900000000000000000e+01,3.600000000000000000e+01
1.425850084240291119e+09,6.900000000000000000e+01,3.600000000000000000e+01
1.425850144966356993e+09,6.900000000000000000e+01,3.600000000000000000e+01
1.425850204682854891e+09,6.900000000000000000e+01,3.600000000000000000e+01
1.425850264888264894e+09,6.900000000000000000e+01,3.600000000000000000e+01
1.425850324142076015e+09,6.900000000000000000e+01,3.600000000000000000e+01
1.425850384939831018e+09,6.900000000000000000e+01,3.600000000000000000e+01
1.425850444719675064e+09,6.900000000000000000e+01,3.600000000000000000e+01
1.425850504908334970e+09,6.900000000000000000e+01,3.600000000000000000e+01
1.425850564215831041e+09,6.900000000000000000e+01,3.600000000000000000e+01
1.425850624415653944e+09,6.900000000000000000e+01,3.600000000000000000e+01
1.425850684666944981e+09,7.100000000000000000e+01,3.600000000000000000e+01
1.425850744872637033e+09,7.100000000000000000e+01,3.600000000000000000e+01
1.425850804160201073e+09,6.900000000000000000e+01,3.600000000000000000e+01
1.425850864371831894e+09,7.100000000000000000e+01,3.600000000000000000e+01
1.425850924575474977e+09,6.900000000000000000e+01,3.600000000000000000e+01
1.425850984357580900e+09,7.100000000000000000e+01,3.600000000000000000e+01
1.425851044672758102e+09,7.100000000000000000e+01,3.600000000000000000e+01
1.425851104856955051e+09,7.100000000000000000e+01,3.600000000000000000e+01
1.425851164062861919e+09,7.100000000000000000e+01,3.600000000000000000e+01
1.425851224259216070e+09,7.100000000000000000e+01,3.600000000000000000e+01
1.425851284505630016e+09,6.900000000000000000e+01,3.600000000000000000e+01
1.425851344371577024e+09,6.900000000000000000e+01,3.600000000000000000e+01
1.425851404575591087e+09,6.900000000000000000e+01,3.600000000000000000e+01
1.425851464429470062e+09,6.900000000000000000e+01,3.600000000000000000e+01
1.425851524749865055e+09,6.900000000000000000e+01,3.600000000000000000e+01
1.425851585032824993e+09,6.900000000000000000e+01,3.600000000000000000e+01
1.425851645245877981e+09,6.900000000000000000e+01,3.600000000000000000e+01
1.425851705505595922e+09,6.900000000000000000e+01,3.600000000000000000e+01
1.425851765803314924e+09,6.900000000000000000e+01,3.600000000000000000e+01
1.425851825591037035e+09,6.900000000000000000e+01,3.600000000000000000e+01
1.425851885352253914e+09,6.900000000000000000e+01,3.600000000000000000e+01
1.425851945552803040e+09,6.900000000000000000e+01,3.600000000000000000e+01
1.425852005257618904e+09,6.900000000000000000e+01,3.600000000000000000e+01
1.425852065121032000e+09,6.900000000000000000e+01,3.600000000000000000e+01
1.425852125421344042e+09,6.900000000000000000e+01,3.600000000000000000e+01
1.425852185786982059e+09,6.900000000000000000e+01,3.600000000000000000e+01
1.425852245218183041e+09,6.900000000000000000e+01,3.600000000000000000e+01
1.425852305562973976e+09,6.900000000000000000e+01,3.600000000000000000e+01
1.425852365850487947e+09,6.900000000000000000e+01,3.600000000000000000e+01
1.425852425186651945e+09,6.900000000000000000e+01,3.600000000000000000e+01
1.425852485589027882e+09,6.900000000000000000e+01,3.600000000000000000e+01
1.425852545902251005e+09,6.900000000000000000e+01,3.600000000000000000e+01
1.425852605270143986e+09,6.900000000000000000e+01,3.600000000000000000e+01
1.425852665126260996e+09,6.900000000000000000e+01,3.600000000000000000e+01
1.425852725453308105e+09,6.900000000000000000e+01,3.600000000000000000e+01
1.425852785829893112e+09,6.900000000000000000e+01,3.600000000000000000e+01
1.425852845208528042e+09,6.900000000000000000e+01,3.600000000000000000e+01
1.425852905560050011e+09,6.900000000000000000e+01,3.600000000000000000e+01
1.425852965907459974e+09,6.900000000000000000e+01,3.600000000000000000e+01
1.425853025755964994e+09,6.900000000000000000e+01,3.600000000000000000e+01
1.425853085652757883e+09,6.900000000000000000e+01,3.600000000000000000e+01
1.425853145505496979e+09,6.900000000000000000e+01,3.600000000000000000e+01
1.425853205362437010e+09,6.900000000000000000e+01,3.600000000000000000e+01
1.425853265734728098e+09,6.900000000000000000e+01,3.600000000000000000e+01
1.425853325045654058e+09,6.900000000000000000e+01,3.600000000000000000e+01
1.425853385441405058e+09,6.900000000000000000e+01,3.600000000000000000e+01
1.425853445849292994e+09,6.900000000000000000e+01,3.600000000000000000e+01
1.425853505142412901e+09,6.900000000000000000e+01,3.600000000000000000e+01
1.425853565547059059e+09,6.900000000000000000e+01,3.600000000000000000e+01
1.425853625356410980e+09,6.900000000000000000e+01,3.600000000000000000e+01
1.425853685188925028e+09,6.900000000000000000e+01,3.600000000000000000e+01
1.425853745555938959e+09,6.900000000000000000e+01,3.600000000000000000e+01
1.425853805923710108e+09,6.900000000000000000e+01,3.600000000000000000e+01
1.425853865246028900e+09,6.900000000000000000e+01,3.600000000000000000e+01
1.425853925628254890e+09,6.900000000000000000e+01,3.600000000000000000e+01
1.425853986017901897e+09,6.900000000000000000e+01,3.600000000000000000e+01
1.425854046947899103e+09,6.900000000000000000e+01,3.600000000000000000e+01
1.425854106327781916e+09,6.900000000000000000e+01,3.600000000000000000e+01
1.425854166717869997e+09,6.900000000000000000e+01,3.600000000000000000e+01
1.425854226098388910e+09,6.900000000000000000e+01,3.600000000000000000e+01
1.425854287000802994e+09,6.900000000000000000e+01,3.600000000000000000e+01
1.425854347335172892e+09,6.900000000000000000e+01,3.600000000000000000e+01
1.425854407653047085e+09,6.900000000000000000e+01,3.600000000000000000e+01
1.425854468007097006e+09,6.800000000000000000e+01,3.700000000000000000e+01
1.425854528355032921e+09,6.800000000000000000e+01,3.700000000000000000e+01
1.425854588739377022e+09,6.800000000000000000e+01,3.700000000000000000e+01
1.425854648133953094e+09,6.800000000000000000e+01,3.700000000000000000e+01
1.425854708539834023e+09,6.800000000000000000e+01,3.700000000000000000e+01
1.425854768928225040e+09,6.800000000000000000e+01,3.700000000000000000e+01
1.425854828335525036e+09,6.800000000000000000e+01,3.700000000000000000e+01
1.425854888672534943e+09,6.800000000000000000e+01,3.700000000000000000e+01
1.425854949047950983e+09,6.800000000000000000e+01,3.700000000000000000e+01
1.425855009414706945e+09,6.800000000000000000e+01,3.700000000000000000e+01
1.425855069784914017e+09,6.800000000000000000e+01,3.700000000000000000e+01
1.425855129196475029e+09,6.800000000000000000e+01,3.700000000000000000e+01
1.425855189111671925e+09,6.800000000000000000e+01,3.700000000000000000e+01
1.425855250012835979e+09,6.800000000000000000e+01,3.700000000000000000e+01
1.425855310400022030e+09,6.800000000000000000e+01,3.700000000000000000e+01
1.425855370743274927e+09,6.800000000000000000e+01,3.700000000000000000e+01
1.425855430114522934e+09,6.800000000000000000e+01,3.700000000000000000e+01
1.425855490520153999e+09,6.800000000000000000e+01,3.700000000000000000e+01
1.425855550869651079e+09,6.800000000000000000e+01,3.700000000000000000e+01
1.425855610771544933e+09,6.800000000000000000e+01,3.700000000000000000e+01
1.425855670228768110e+09,6.800000000000000000e+01,3.700000000000000000e+01
1.425855730632817030e+09,6.800000000000000000e+01,3.700000000000000000e+01
1.425855790050700903e+09,6.800000000000000000e+01,3.700000000000000000e+01
1.425855850366473913e+09,6.800000000000000000e+01,3.700000000000000000e+01
1.425855910250485897e+09,6.800000000000000000e+01,3.700000000000000000e+01
1.425855970725769997e+09,6.800000000000000000e+01,3.700000000000000000e+01
1.425856030045624971e+09,6.800000000000000000e+01,3.700000000000000000e+01
1.425856090956645966e+09,6.800000000000000000e+01,3.700000000000000000e+01
1.425856150319587946e+09,6.800000000000000000e+01,3.700000000000000000e+01
1.425856210212733030e+09,6.800000000000000000e+01,3.700000000000000000e+01
1.425856270605562925e+09,6.800000000000000000e+01,3.700000000000000000e+01
1.425856330057153940e+09,6.800000000000000000e+01,3.700000000000000000e+01
1.425856390481645107e+09,6.800000000000000000e+01,3.700000000000000000e+01
1.425856450452543020e+09,6.800000000000000000e+01,3.700000000000000000e+01
1.425856510918350935e+09,6.800000000000000000e+01,3.700000000000000000e+01
1.425856570882323027e+09,6.800000000000000000e+01,3.700000000000000000e+01
1.425856630274465084e+09,6.800000000000000000e+01,3.700000000000000000e+01
1.425856690268569946e+09,6.800000000000000000e+01,3.700000000000000000e+01
1.425856750722337961e+09,6.800000000000000000e+01,3.700000000000000000e+01
1.425856810197153091e+09,6.800000000000000000e+01,3.700000000000000000e+01
1.425856870089430094e+09,6.800000000000000000e+01,3.700000000000000000e+01
1.425856930518354893e+09,6.800000000000000000e+01,3.700000000000000000e+01
1.425856990955838919e+09,6.800000000000000000e+01,3.700000000000000000e+01
1.425857050871119022e+09,6.800000000000000000e+01,3.700000000000000000e+01
1.425857110584069014e+09,6.800000000000000000e+01,3.700000000000000000e+01
1.425857170959650993e+09,6.800000000000000000e+01,3.700000000000000000e+01
1.425857230892218113e+09,6.800000000000000000e+01,3.700000000000000000e+01
1.425857290311024904e+09,6.800000000000000000e+01,3.700000000000000000e+01
1.425857350695905924e+09,6.800000000000000000e+01,3.700000000000000000e+01
1.425857410163439989e+09,6.800000000000000000e+01,3.700000000000000000e+01
1.425857470609018087e+09,6.800000000000000000e+01,3.700000000000000000e+01
1.425857531025543928e+09,6.800000000000000000e+01,3.700000000000000000e+01
1.425857591960880995e+09,6.800000000000000000e+01,3.700000000000000000e+01
1.425857651349486113e+09,6.800000000000000000e+01,3.700000000000000000e+01
1.425857711801620960e+09,6.800000000000000000e+01,3.700000000000000000e+01
1.425857771237278938e+09,6.800000000000000000e+01,3.700000000000000000e+01
1.425857831668940067e+09,6.800000000000000000e+01,3.700000000000000000e+01
1.425857891813199997e+09,6.800000000000000000e+01,3.700000000000000000e+01
1.425857951845623970e+09,6.800000000000000000e+01,3.700000000000000000e+01
1.425858025492681980e+09,6.800000000000000000e+01,3.700000000000000000e+01
1.425858085115099907e+09,6.800000000000000000e+01,3.700000000000000000e+01
1.425858145390670061e+09,6.800000000000000000e+01,3.700000000000000000e+01
1.425858191629033089e+09,6.800000000000000000e+01,3.700000000000000000e+01
1.425858215203747034e+09,6.800000000000000000e+01,3.700000000000000000e+01
1.425858275356024027e+09,6.800000000000000000e+01,3.700000000000000000e+01
1.425858335751282930e+09,6.800000000000000000e+01,3.700000000000000000e+01
1.425858395100481987e+09,6.800000000000000000e+01,3.700000000000000000e+01
1.425858455918903112e+09,6.800000000000000000e+01,3.700000000000000000e+01
1.425858515797631979e+09,6.800000000000000000e+01,3.700000000000000000e+01
1.425858575686559916e+09,6.800000000000000000e+01,3.700000000000000000e+01
1.425858635577414036e+09,6.800000000000000000e+01,3.700000000000000000e+01
1.425858695482083082e+09,6.800000000000000000e+01,3.700000000000000000e+01
1.425858755397620916e+09,6.800000000000000000e+01,3.700000000000000000e+01
1.425858815320856094e+09,6.800000000000000000e+01,3.700000000000000000e+01
1.425858875210813999e+09,6.800000000000000000e+01,3.700000000000000000e+01
1.425858935082345009e+09,6.800000000000000000e+01,3.700000000000000000e+01
1.425858995520854950e+09,6.800000000000000000e+01,3.700000000000000000e+01
1.425859055908206940e+09,6.800000000000000000e+01,3.700000000000000000e+01
1.425859115314587116e+09,6.800000000000000000e+01,3.700000000000000000e+01
1.425859175243155003e+09,6.800000000000000000e+01,3.700000000000000000e+01
1.425859235134053946e+09,6.800000000000000000e+01,3.700000000000000000e+01
1.425859295183746099e+09,6.800000000000000000e+01,3.700000000000000000e+01
1.425859355165457964e+09,6.800000000000000000e+01,3.700000000000000000e+01
1.425859415202564955e+09,6.800000000000000000e+01,3.700000000000000000e+01
1.425859475213320971e+09,6.800000000000000000e+01,3.700000000000000000e+01
1.425859535250001907e+09,6.800000000000000000e+01,3.700000000000000000e+01
1.425859595249411106e+09,6.800000000000000000e+01,3.700000000000000000e+01
1.425859655752101898e+09,6.800000000000000000e+01,3.700000000000000000e+01
1.425859715836597919e+09,6.800000000000000000e+01,3.700000000000000000e+01
1.425859775384929895e+09,6.800000000000000000e+01,3.700000000000000000e+01
1.425859835865633965e+09,6.800000000000000000e+01,3.700000000000000000e+01
1.425859895386555910e+09,6.800000000000000000e+01,3.700000000000000000e+01
1.425859955418258905e+09,6.800000000000000000e+01,3.700000000000000000e+01
1.425860015910352945e+09,6.800000000000000000e+01,3.700000000000000000e+01
1.425860075450033903e+09,6.800000000000000000e+01,3.700000000000000000e+01
1.425860135928217888e+09,6.800000000000000000e+01,3.700000000000000000e+01
1.425860195454951048e+09,6.800000000000000000e+01,3.700000000000000000e+01
1.425860255468703032e+09,6.800000000000000000e+01,3.700000000000000000e+01
1.425860315996822119e+09,6.800000000000000000e+01,3.700000000000000000e+01
1.425860375545547962e+09,6.800000000000000000e+01,3.700000000000000000e+01
1.425860435603588104e+09,6.800000000000000000e+01,3.700000000000000000e+01
1.425860495647314072e+09,6.800000000000000000e+01,3.700000000000000000e+01
1.425860555662230968e+09,6.800000000000000000e+01,3.700000000000000000e+01
1.425860615171297073e+09,6.800000000000000000e+01,3.700000000000000000e+01
1.425860675659216881e+09,6.800000000000000000e+01,3.700000000000000000e+01
1.425860735209033012e+09,6.800000000000000000e+01,3.700000000000000000e+01
1.425860795213404894e+09,6.800000000000000000e+01,3.700000000000000000e+01
1.425860855777760983e+09,6.800000000000000000e+01,3.700000000000000000e+01
1.425860915833302021e+09,6.800000000000000000e+01,3.700000000000000000e+01
1.425860975402642012e+09,6.800000000000000000e+01,3.700000000000000000e+01
1.425861035902059078e+09,6.800000000000000000e+01,3.700000000000000000e+01
1.425861095452049017e+09,6.800000000000000000e+01,3.700000000000000000e+01
1.425861155935823917e+09,6.800000000000000000e+01,3.700000000000000000e+01
1.425861216015662909e+09,6.900000000000000000e+01,3.600000000000000000e+01
1.425861276170223951e+09,6.900000000000000000e+01,3.600000000000000000e+01
1.425861336352966070e+09,6.900000000000000000e+01,3.600000000000000000e+01
1.425861396435700893e+09,6.900000000000000000e+01,3.600000000000000000e+01
1.425861456994792938e+09,6.900000000000000000e+01,3.600000000000000000e+01
1.425861516625590086e+09,6.900000000000000000e+01,3.600000000000000000e+01
1.425861576194078922e+09,6.900000000000000000e+01,3.600000000000000000e+01
1.425861636775696039e+09,6.900000000000000000e+01,3.600000000000000000e+01
1.425861696859404087e+09,6.900000000000000000e+01,3.600000000000000000e+01
1.425861756389215946e+09,6.900000000000000000e+01,3.600000000000000000e+01
1.425861816945384979e+09,6.900000000000000000e+01,3.600000000000000000e+01
1.425861876496896982e+09,6.900000000000000000e+01,3.600000000000000000e+01
1.425861936632642031e+09,6.900000000000000000e+01,3.600000000000000000e+01
1.425861996206794024e+09,6.900000000000000000e+01,3.600000000000000000e+01
1.425862056763154030e+09,6.900000000000000000e+01,3.600000000000000000e+01
1.425862116341546059e+09,6.900000000000000000e+01,3.600000000000000000e+01
1.425862176914335966e+09,6.900000000000000000e+01,3.600000000000000000e+01
1.425862236056675911e+09,6.900000000000000000e+01,3.600000000000000000e+01
1.425862296600498915e+09,6.900000000000000000e+01,3.600000000000000000e+01
1.425862356706892967e+09,6.900000000000000000e+01,3.600000000000000000e+01
1.425862416327009916e+09,6.900000000000000000e+01,3.600000000000000000e+01
1.425862476436995029e+09,6.900000000000000000e+01,3.600000000000000000e+01
1.425862536134272099e+09,6.900000000000000000e+01,3.600000000000000000e+01
1.425862596343132973e+09,6.900000000000000000e+01,3.600000000000000000e+01
1.425862656587819099e+09,6.900000000000000000e+01,3.600000000000000000e+01
1.425862716844114065e+09,6.900000000000000000e+01,3.600000000000000000e+01
1.425862776545732975e+09,6.900000000000000000e+01,3.600000000000000000e+01
1.425862836321118116e+09,6.900000000000000000e+01,3.600000000000000000e+01
1.425862896057219028e+09,6.900000000000000000e+01,3.600000000000000000e+01
1.425862956204482079e+09,6.900000000000000000e+01,3.600000000000000000e+01
1.425863016997967005e+09,6.900000000000000000e+01,3.600000000000000000e+01
1.425863076682034016e+09,6.900000000000000000e+01,3.600000000000000000e+01
1.425863136913587093e+09,6.900000000000000000e+01,3.600000000000000000e+01
1.425863196663563013e+09,6.900000000000000000e+01,3.600000000000000000e+01
1.425863256317348957e+09,6.900000000000000000e+01,3.600000000000000000e+01
1.425863316976161003e+09,6.900000000000000000e+01,3.600000000000000000e+01
1.425863376226633072e+09,6.900000000000000000e+01,3.600000000000000000e+01
1.425863436960005045e+09,6.900000000000000000e+01,3.600000000000000000e+01
1.425863496698990107e+09,6.900000000000000000e+01,3.600000000000000000e+01
1.425863556382961035e+09,6.900000000000000000e+01,3.600000000000000000e+01
1.425863616079994917e+09,6.900000000000000000e+01,3.600000000000000000e+01
1.425863676331782103e+09,6.900000000000000000e+01,3.600000000000000000e+01
1.425863737014565945e+09,6.900000000000000000e+01,3.600000000000000000e+01
1.425863797672894955e+09,6.900000000000000000e+01,3.600000000000000000e+01
1.425863857867285013e+09,6.900000000000000000e+01,3.600000000000000000e+01
1.425863917510883093e+09,6.900000000000000000e+01,3.600000000000000000e+01
1.425863977235721111e+09,6.900000000000000000e+01,3.600000000000000000e+01
1.425864037921794891e+09,6.900000000000000000e+01,3.600000000000000000e+01
1.425864097625994921e+09,6.900000000000000000e+01,3.600000000000000000e+01
1.425864157221748114e+09,6.900000000000000000e+01,3.600000000000000000e+01
1.425864217915736914e+09,6.900000000000000000e+01,3.600000000000000000e+01
1.425864277588347912e+09,6.900000000000000000e+01,3.600000000000000000e+01
1.425864337347907066e+09,6.900000000000000000e+01,3.600000000000000000e+01
1.425864397065588951e+09,6.900000000000000000e+01,3.600000000000000000e+01
1.425864457823626041e+09,6.900000000000000000e+01,3.600000000000000000e+01
1.425864518010653019e+09,6.900000000000000000e+01,3.600000000000000000e+01
1.425864578712263107e+09,6.900000000000000000e+01,3.600000000000000000e+01
1.425864638385540009e+09,6.900000000000000000e+01,3.600000000000000000e+01
1.425864699003582954e+09,6.900000000000000000e+01,3.600000000000000000e+01
1.425864759708961964e+09,6.900000000000000000e+01,3.600000000000000000e+01
1.425864819444205999e+09,6.900000000000000000e+01,3.600000000000000000e+01
1.425864879156867981e+09,6.900000000000000000e+01,3.600000000000000000e+01
1.425864939840966940e+09,6.900000000000000000e+01,3.600000000000000000e+01
1.425864999482898951e+09,6.900000000000000000e+01,3.600000000000000000e+01
1.425865059571455956e+09,6.900000000000000000e+01,3.600000000000000000e+01
1.425865120049336910e+09,6.900000000000000000e+01,3.600000000000000000e+01
1.425865180066243887e+09,6.900000000000000000e+01,3.600000000000000000e+01
1.425865240092360020e+09,6.900000000000000000e+01,3.600000000000000000e+01
1.425865300076948881e+09,6.900000000000000000e+01,3.600000000000000000e+01
1.425865360068831921e+09,6.900000000000000000e+01,3.600000000000000000e+01
1.425865420562886953e+09,6.900000000000000000e+01,3.600000000000000000e+01
1.425865481017316103e+09,6.900000000000000000e+01,3.600000000000000000e+01
1.425865541590420008e+09,6.900000000000000000e+01,3.600000000000000000e+01
1.425865601045536041e+09,6.900000000000000000e+01,3.600000000000000000e+01
1.425865662013617992e+09,7.100000000000000000e+01,3.600000000000000000e+01
1.425865722134010077e+09,7.100000000000000000e+01,3.600000000000000000e+01
1.425865782236955881e+09,7.100000000000000000e+01,3.600000000000000000e+01
1.425865842772691011e+09,7.100000000000000000e+01,3.600000000000000000e+01
1.425865902887681961e+09,7.100000000000000000e+01,3.600000000000000000e+01
1.425865962447793007e+09,7.100000000000000000e+01,3.600000000000000000e+01
1.425866022965940952e+09,7.100000000000000000e+01,3.600000000000000000e+01
1.425866082076275110e+09,7.100000000000000000e+01,3.600000000000000000e+01
1.425866142663307905e+09,7.100000000000000000e+01,3.600000000000000000e+01
1.425866202257474899e+09,7.100000000000000000e+01,3.600000000000000000e+01
1.425866262871884108e+09,7.100000000000000000e+01,3.600000000000000000e+01
1.425866322489129066e+09,7.100000000000000000e+01,3.600000000000000000e+01
1.425866442190197945e+09,7.100000000000000000e+01,3.600000000000000000e+01
1.425866502869215965e+09,7.100000000000000000e+01,3.600000000000000000e+01
1.425866562062967062e+09,7.100000000000000000e+01,3.600000000000000000e+01
1.425866622768167019e+09,7.100000000000000000e+01,3.600000000000000000e+01
1.425866682911042929e+09,7.100000000000000000e+01,3.600000000000000000e+01
1.425866742545594931e+09,7.100000000000000000e+01,3.600000000000000000e+01
1.425866802755225897e+09,7.100000000000000000e+01,3.600000000000000000e+01
1.425866922144507885e+09,7.100000000000000000e+01,3.600000000000000000e+01
1.425866982871640921e+09,7.100000000000000000e+01,3.600000000000000000e+01
1.425867042496005058e+09,7.100000000000000000e+01,3.600000000000000000e+01
1.425867102644794941e+09,7.100000000000000000e+01,3.600000000000000000e+01
1.425867162270128965e+09,7.100000000000000000e+01,3.600000000000000000e+01
1.425867222960309982e+09,7.100000000000000000e+01,3.600000000000000000e+01
1.425867282155601978e+09,7.100000000000000000e+01,3.600000000000000000e+01
1.425867342795640945e+09,7.100000000000000000e+01,3.600000000000000000e+01
1.425867402481931925e+09,7.100000000000000000e+01,3.600000000000000000e+01
1.425867522302289009e+09,7.100000000000000000e+01,3.600000000000000000e+01
1.425867582088193893e+09,7.100000000000000000e+01,3.600000000000000000e+01
1.425867642285454988e+09,7.100000000000000000e+01,3.600000000000000000e+01
1.425867702455146074e+09,7.100000000000000000e+01,3.600000000000000000e+01
1.425867762133914948e+09,7.100000000000000000e+01,3.600000000000000000e+01
1.425867822872509003e+09,7.100000000000000000e+01,3.600000000000000000e+01
1.425867882545619965e+09,7.100000000000000000e+01,3.600000000000000000e+01
1.425867942192888021e+09,7.100000000000000000e+01,3.600000000000000000e+01
1.425868002884644985e+09,7.100000000000000000e+01,3.600000000000000000e+01
1.425868062545545101e+09,7.100000000000000000e+01,3.600000000000000000e+01
1.425868122762466908e+09,7.100000000000000000e+01,3.600000000000000000e+01
1.425868182940716028e+09,7.100000000000000000e+01,3.600000000000000000e+01
1.425868242608488083e+09,7.100000000000000000e+01,3.600000000000000000e+01
1.425868302291245937e+09,7.100000000000000000e+01,3.600000000000000000e+01
1.425868363004543066e+09,7.100000000000000000e+01,3.600000000000000000e+01
1.425868423676567078e+09,7.100000000000000000e+01,3.600000000000000000e+01
1.425868483408180952e+09,7.100000000000000000e+01,3.600000000000000000e+01
1.425868543135634899e+09,7.100000000000000000e+01,3.600000000000000000e+01
1.425868603805732965e+09,7.100000000000000000e+01,3.600000000000000000e+01
1.425868663478847980e+09,7.100000000000000000e+01,3.600000000000000000e+01
1.425868723171992064e+09,7.100000000000000000e+01,3.600000000000000000e+01
1.425868783828005075e+09,7.100000000000000000e+01,3.600000000000000000e+01
1.425868843489759922e+09,7.100000000000000000e+01,3.600000000000000000e+01
1.425868903117321014e+09,7.100000000000000000e+01,3.600000000000000000e+01
1.425868963841887951e+09,7.100000000000000000e+01,3.600000000000000000e+01
1.425869023089139938e+09,7.100000000000000000e+01,3.600000000000000000e+01
1.425869083769692898e+09,7.100000000000000000e+01,3.600000000000000000e+01
1.425869143496536970e+09,7.100000000000000000e+01,3.600000000000000000e+01
1.425869203639441013e+09,7.100000000000000000e+01,3.600000000000000000e+01
1.425869263349626064e+09,7.100000000000000000e+01,3.600000000000000000e+01
1.425869323055917978e+09,7.100000000000000000e+01,3.600000000000000000e+01
1.425869383710228920e+09,7.100000000000000000e+01,3.600000000000000000e+01
1.425869443415555954e+09,7.100000000000000000e+01,3.600000000000000000e+01
1.425869563295516014e+09,7.100000000000000000e+01,3.600000000000000000e+01
1.425869623943768024e+09,7.100000000000000000e+01,3.600000000000000000e+01
1.425869683672076941e+09,7.100000000000000000e+01,3.600000000000000000e+01
1.425869743317655087e+09,7.100000000000000000e+01,3.600000000000000000e+01
1.425869804025738001e+09,7.100000000000000000e+01,3.600000000000000000e+01
1.425869864295527935e+09,7.100000000000000000e+01,3.600000000000000000e+01
1.425869924926250935e+09,7.100000000000000000e+01,3.600000000000000000e+01
1.425869984084043980e+09,7.100000000000000000e+01,3.600000000000000000e+01
1.425870044795521021e+09,7.100000000000000000e+01,3.600000000000000000e+01
1.425870104487251043e+09,6.900000000000000000e+01,3.600000000000000000e+01
1.425870164754856110e+09,6.900000000000000000e+01,3.600000000000000000e+01
1.425870224942568064e+09,6.900000000000000000e+01,3.600000000000000000e+01
1.425870284574373007e+09,6.900000000000000000e+01,3.600000000000000000e+01
1.425870344283613920e+09,6.900000000000000000e+01,3.600000000000000000e+01
1.425870404981775999e+09,6.900000000000000000e+01,3.600000000000000000e+01
1.425870464211574078e+09,6.900000000000000000e+01,3.600000000000000000e+01
1.425870524397392988e+09,6.900000000000000000e+01,3.600000000000000000e+01
1.425870584625019073e+09,6.900000000000000000e+01,3.600000000000000000e+01
1.425870644304428101e+09,6.900000000000000000e+01,3.600000000000000000e+01
1.425870704576824903e+09,6.900000000000000000e+01,3.600000000000000000e+01
1.425870764278415918e+09,6.900000000000000000e+01,3.600000000000000000e+01
1.425870824952361107e+09,6.900000000000000000e+01,3.600000000000000000e+01
1.425870884603255987e+09,6.900000000000000000e+01,3.600000000000000000e+01
1.425870944333179951e+09,6.900000000000000000e+01,3.600000000000000000e+01
1.425871004057220936e+09,6.900000000000000000e+01,3.600000000000000000e+01
1.425871064755197048e+09,6.900000000000000000e+01,3.600000000000000000e+01
1.425871124415819883e+09,6.900000000000000000e+01,3.600000000000000000e+01
1.425871184601946115e+09,6.900000000000000000e+01,3.600000000000000000e+01
1.425871244307317972e+09,6.900000000000000000e+01,3.600000000000000000e+01
1.425871304968924999e+09,6.900000000000000000e+01,3.600000000000000000e+01
1.425871364630134106e+09,6.900000000000000000e+01,3.600000000000000000e+01
1.425871424304285049e+09,6.900000000000000000e+01,3.600000000000000000e+01
1.425871484067816019e+09,6.900000000000000000e+01,3.600000000000000000e+01
1.425871544747472048e+09,6.900000000000000000e+01,3.600000000000000000e+01
1.425871604401787043e+09,6.900000000000000000e+01,3.600000000000000000e+01
1.425871664083909035e+09,6.900000000000000000e+01,3.600000000000000000e+01
1.425871724725373030e+09,6.900000000000000000e+01,3.600000000000000000e+01
1.425871784422813892e+09,6.900000000000000000e+01,3.600000000000000000e+01
1.425871844134991884e+09,6.900000000000000000e+01,3.600000000000000000e+01
1.425871904813071012e+09,6.800000000000000000e+01,3.700000000000000000e+01
1.425871964074362040e+09,6.800000000000000000e+01,3.700000000000000000e+01
1.425872024840816975e+09,6.800000000000000000e+01,3.700000000000000000e+01
1.425872084555567026e+09,6.800000000000000000e+01,3.700000000000000000e+01
1.425872144283607006e+09,6.800000000000000000e+01,3.700000000000000000e+01
1.425872264659054995e+09,6.800000000000000000e+01,3.700000000000000000e+01
1.425872324906498909e+09,6.800000000000000000e+01,3.700000000000000000e+01
1.425872384576512098e+09,6.800000000000000000e+01,3.700000000000000000e+01
1.425872444844127893e+09,6.800000000000000000e+01,3.700000000000000000e+01
1.425872504556866884e+09,6.800000000000000000e+01,3.700000000000000000e+01
1.425872564206314087e+09,6.800000000000000000e+01,3.700000000000000000e+01
1.425872624928318977e+09,6.800000000000000000e+01,3.700000000000000000e+01
1.425872684134006977e+09,6.800000000000000000e+01,3.700000000000000000e+01
1.425872744391297102e+09,6.800000000000000000e+01,3.700000000000000000e+01
1.425872804592402935e+09,6.800000000000000000e+01,3.700000000000000000e+01
1.425872864328671932e+09,6.800000000000000000e+01,3.700000000000000000e+01
1.425872924487823009e+09,6.800000000000000000e+01,3.700000000000000000e+01
1.425872984742759943e+09,6.800000000000000000e+01,3.700000000000000000e+01
1.425873044449343920e+09,6.800000000000000000e+01,3.700000000000000000e+01
1.425873104150955915e+09,6.800000000000000000e+01,3.700000000000000000e+01
1.425873164907372952e+09,6.800000000000000000e+01,3.700000000000000000e+01
1.425873224601258039e+09,6.800000000000000000e+01,3.700000000000000000e+01
1.425873284834817886e+09,6.800000000000000000e+01,3.700000000000000000e+01
1.425873344575120926e+09,6.800000000000000000e+01,3.700000000000000000e+01
1.425873404249039888e+09,6.800000000000000000e+01,3.700000000000000000e+01
1.425873464927668095e+09,6.800000000000000000e+01,3.700000000000000000e+01
1.425873524630537033e+09,6.800000000000000000e+01,3.700000000000000000e+01
1.425873584346307993e+09,6.800000000000000000e+01,3.700000000000000000e+01
